,epoch,train_err,train_acc,valid_err,valid_acc
0,0,4.835503110518823,0.04038461813559899,4.4668103364797735,0.09230769884127837
1,1,4.076461599423335,0.08589744159521964,3.769428638311533,0.11538462254863519
2,2,3.502253023477701,0.1378205235904226,3.2511217410747824,0.16666667965742257
3,3,2.9799520785991964,0.20833334849717525,2.9909273844498854,0.22820514784409449
4,4,2.559047588935265,0.2891025844101722,2.43994899896475,0.33333335243738615
5,5,2.1979614312832174,0.373076951274505,2.1711197174512424,0.38461541671019334
6,6,1.8227599331965814,0.46346157130140525,2.024886993261484,0.4307692601130559
7,7,1.4972591216747577,0.5557692795991898,1.8036472705694346,0.46666670533326954
8,8,1.2462855588931303,0.6493590187567931,1.5810288465940034,0.5333333771962386
9,9,0.9676559292353116,0.7269231424881861,1.5123882843897893,0.5538462056563451
10,10,0.7217502840436422,0.8217949362901541,1.38783486531331,0.6000000467667213
11,11,0.444494115618559,0.9384615799555411,1.3758901495199938,0.612820565700531
12,12,0.2609917765053419,0.9846153992872971,1.3299243633563702,0.605128253881748
13,13,0.1582483993126796,0.9987179499406081,1.3217778572669396,0.6333333712357742
14,14,0.1133308492314357,1.0,1.310438953913175,0.6179487705230713
15,15,0.09050125241852723,1.0,1.308510803259336,0.623076970760639
16,16,0.07673801660824281,1.0,1.3036066660514245,0.6076923517080454
17,17,0.06666143589581434,1.0,1.2952027229162364,0.6179487659380987
18,18,0.059327275707171515,1.0,1.2913188750927265,0.6179487613531259
19,19,0.05401886741702373,1.0,1.2858410615187426,0.6153846704042875
20,20,0.04971854309909619,1.0,1.2797922721275916,0.6102564655817472
21,21,0.0459501905223498,1.0,1.2742838584459746,0.6102564655817472
22,22,0.04284053388983011,1.0,1.2700225068972661,0.612820565700531
23,23,0.04015731310042051,1.0,1.2652811774840722,0.6179487705230713
24,24,0.03785338417555277,1.0,1.2609481994922345,0.6230769661756662
25,25,0.03587670112028718,1.0,1.2566640331194951,0.6282051847531245
26,26,0.034105393498276286,1.0,1.2529829282027025,0.6333333804057195
27,27,0.032462424204613156,1.0,1.250685723928305,0.6307692802869357
28,28,0.030995278547589596,1.0,1.2482029062051039,0.6307692802869357
29,29,0.02973306182628641,1.0,1.2459393327052777,0.6307692802869357
30,30,0.028623006951350432,1.0,1.2440816897612352,0.6256410708794227
31,31,0.027519301403886996,1.0,1.2421801823836107,0.6230769661756662
32,32,0.026528500020503998,1.0,1.2398787507644067,0.630769275701963
33,33,0.025626230877465926,1.0,1.2382667018817022,0.6282051709982065
34,34,0.02479129363424503,1.0,1.2358748866961553,0.6307692711169903
35,35,0.0239959151770633,1.0,1.233277949003073,0.6307692711169903
36,36,0.023242581026771895,1.0,1.2305885324111352,0.6307692711169903
37,37,0.022583789371240597,1.0,1.2287300687569838,0.6307692711169903
38,38,0.02189179889571208,1.0,1.2267148861518273,0.6307692711169903
39,39,0.02125606033951044,1.0,1.2249753291790302,0.6307692711169903
40,40,0.020686547558468122,1.0,1.2236248850822449,0.6307692711169903
41,41,0.020125598933261175,1.0,1.2221334347358117,0.6307692734094766
42,42,0.019638649868563965,1.0,1.2208056587439318,0.6307692779944494
43,43,0.019170308181156333,1.0,1.219084890989157,0.6282051732906928
44,44,0.0187053877251366,1.0,1.2171922417787404,0.6282051732906928
45,45,0.018247745752048034,1.0,1.2156121822503896,0.6256410731719091
46,46,0.01787874294229998,1.0,1.2141329554411082,0.6282051687057202
47,47,0.017486760213684577,1.0,1.21300575366387,0.6307692734094766
48,48,0.017132431125411622,1.0,1.2116676477285533,0.6307692734094766
49,49,0.016766393557190895,1.0,1.210040848988753,0.6358974828169897
50,50,0.016453240621978275,1.0,1.2086161145797143,0.6333333781132331
51,51,0.016106240899087146,1.0,1.2071409133764415,0.6358974828169897
52,52,0.015754701104015112,1.0,1.2063039128596966,0.6358974828169897
53,53,0.015451019253725043,1.0,1.2054927670038664,0.6384615875207461
54,54,0.015152661344752861,1.0,1.204048385986915,0.6384615875207461
55,55,0.01486684218980372,1.0,1.2029403264705951,0.6410256922245026
56,56,0.014578187748646507,1.0,1.2014090969012334,0.6384615875207461
57,57,0.01432210959207553,1.0,1.2002982267966638,0.6384615829357734
58,58,0.014072336041583465,1.0,1.1992638753010676,0.6384615829357734
59,59,0.013840599003462838,1.0,1.1981880252177899,0.6384615829357734
60,60,0.013610027354353895,1.0,1.19728461595682,0.6384615829357734
61,61,0.013395691791979166,1.0,1.196488985648522,0.6384615829357734
62,62,0.013180149128087439,1.0,1.1955380623157208,0.6384615829357734
63,63,0.012967994150060873,1.0,1.1945969324845533,0.6384615829357734
64,64,0.012770912036872827,1.0,1.1934814957471995,0.6384615829357734
65,65,0.012579247570381714,1.0,1.1922608338869536,0.6384615829357734
66,66,0.012397534984092299,1.0,1.1913299652246327,0.6384615829357734
67,67,0.012200303787652116,1.0,1.1905023409770086,0.6410256876395299
68,68,0.01202880978011168,1.0,1.1894397185398982,0.6410256876395299
69,69,0.011854963269657813,1.0,1.1886027134381807,0.6410256876395299
70,70,0.011667405326779071,1.0,1.1878317044331477,0.6410256853470435
71,71,0.011503200691479903,1.0,1.1869703118617718,0.6410256853470435
72,72,0.01134208577255217,1.0,1.1861883035072913,0.6410256853470435
73,73,0.011180469802079292,1.0,1.1855588142688458,0.6384615806432871
74,74,0.01103112825120871,1.0,1.1850685293857868,0.6384615806432871
75,75,0.010886957689833183,1.0,1.1845931502488942,0.6410256899320163
76,76,0.010738752459963927,1.0,1.1840948508335993,0.6435897900508001
77,77,0.010602809023112059,1.0,1.183769771685967,0.6435897900508001
78,78,0.010478260192590265,1.0,1.1834021852566645,0.6435897900508001
79,79,0.010333525804946056,1.0,1.1828347719632661,0.6435897900508001
80,80,0.010194991822712697,1.0,1.1823086004990797,0.6435897900508001
81,81,0.010066255165908772,1.0,1.1818244319695692,0.6435897900508001
82,82,0.009941041639719445,1.0,1.1813838757001436,0.6435897900508001
83,83,0.009823368853316285,1.0,1.1809420402233417,0.6461538901695838
84,84,0.009702032279724685,1.0,1.180674364933601,0.6461538901695838
85,85,0.00958611796466777,1.0,1.1803577909102807,0.6461538901695838
86,86,0.009474977564353209,1.0,1.1800640867306635,0.6461538901695838
87,87,0.009380598104773806,1.0,1.1796227326759925,0.6461538901695838
88,88,0.009277632003291868,1.0,1.1793057368351862,0.6487179948733404
89,89,0.009170094478087356,1.0,1.1787000436049242,0.6487179948733404
90,90,0.009072987058271583,1.0,1.1783482845012958,0.6487179948733404
91,91,0.008977166359097911,1.0,1.1778734280512884,0.6512820949921241
92,92,0.008879447705112398,1.0,1.1773739961477427,0.6512820949921241
93,93,0.008775784365402965,1.0,1.1770166433774507,0.6512820949921241
94,94,0.008683684183499562,1.0,1.176711802299206,0.6512820949921241
95,95,0.008587373474326272,1.0,1.1763242253890405,0.6512820949921241
96,96,0.008490839838766707,1.0,1.1758788503133333,0.6512820949921241
97,97,0.008404046234388191,1.0,1.1754906452619112,0.6512820949921241
98,98,0.00831883954994667,1.0,1.1752442625852733,0.6512820949921241
99,99,0.00824101410734539,1.0,1.1750459441771874,0.6512820949921241
100,100,0.008162900590552734,1.0,1.1747376781243544,0.6512820949921241
101,101,0.00808436176381432,1.0,1.174370669401609,0.6512820949921241
102,102,0.008001890185718926,1.0,1.1742119880822988,0.6512820949921241
103,103,0.007927595772064077,1.0,1.1739126214614282,0.6487179948733404
104,104,0.00785117752205294,1.0,1.173668086528778,0.6487179948733404
105,105,0.007778752290715392,1.0,1.1732261593525226,0.6487179948733404
106,106,0.007713492297065945,1.0,1.1729562328411982,0.6487179948733404
107,107,0.007640674199837332,1.0,1.172587431394137,0.6461538901695838
108,108,0.007567831171819797,1.0,1.172263136276832,0.6461538901695838
109,109,0.007498770808944335,1.0,1.1719882075603192,0.6461538901695838
110,110,0.007433324353769422,1.0,1.1716544398894677,0.6461538901695838
111,111,0.007367325185511548,1.0,1.1713491357289827,0.6461538901695838
112,112,0.007298400849462128,1.0,1.1710686912903419,0.6461538901695838
113,113,0.007234838558360934,1.0,1.1708012177393987,0.6461538901695838
114,114,0.007174110129618874,1.0,1.1706445171282842,0.6461538901695838
115,115,0.007108678127853916,1.0,1.1704124441513648,0.6461538901695838
116,116,0.007044203006304228,1.0,1.1700943891818707,0.6487179948733404
117,117,0.006980275278552794,1.0,1.1698899956849904,0.6538462042808533
118,118,0.006917759722385269,1.0,1.1695262698026805,0.6538462042808533
119,119,0.00685471014227145,1.0,1.1693746585112352,0.6538462042808533
120,120,0.006794321207472911,1.0,1.1689882232592657,0.6538462042808533
121,121,0.0067366295529959295,1.0,1.1687356875492976,0.6538462042808533
122,122,0.0066813531134707425,1.0,1.168510194008167,0.6538462042808533
123,123,0.0066227556224196,1.0,1.1683268547058105,0.6512821041620694
124,124,0.006567833533224005,1.0,1.1681808508359468,0.6512821041620694
125,125,0.006514041899488523,1.0,1.1680756440529456,0.6538462042808533
126,126,0.006459968164563179,1.0,1.167845831467555,0.6564103089846097
127,127,0.0064059620490297675,1.0,1.1676990114725554,0.6589744091033936
128,128,0.006350038626876015,1.0,1.1675185744579022,0.6589744091033936
129,129,0.006297844694927335,1.0,1.1673195591339698,0.6589744091033936
130,130,0.006247187248216226,1.0,1.1670038608404307,0.6589744091033936
131,131,0.006197514621397624,1.0,1.166602652806502,0.6589744091033936
132,132,0.006149413726794032,1.0,1.1662221871889555,0.6564103043996371
133,133,0.0061005059575948576,1.0,1.1658689884039073,0.6564103043996371
134,134,0.006051490119156929,1.0,1.1655309750483587,0.6538462042808533
135,135,0.00600453088274942,1.0,1.165201989504007,0.6538462042808533
136,136,0.0059553807637152765,1.0,1.1647484715168293,0.6538462042808533
137,137,0.005906059111181933,1.0,1.1643666212375348,0.6538462042808533
138,138,0.005859802118860758,1.0,1.1638800731072059,0.6538462042808533
139,139,0.005813337540110717,1.0,1.1633702929203327,0.6538462042808533
140,140,0.005768571040019966,1.0,1.162974843612084,0.6538462042808533
141,141,0.005724174695877502,1.0,1.162575249488537,0.6538462042808533
142,142,0.005682289457091918,1.0,1.1621029881330638,0.6538462042808533
143,143,0.005640696277483725,1.0,1.1615828780027537,0.6538462042808533
144,144,0.005600252457392903,1.0,1.1610658168792725,0.6538462042808533
145,145,0.00556072136029028,1.0,1.160617938408485,0.6538462042808533
146,146,0.005521217396912666,1.0,1.1601453102551973,0.6564103089846097
147,147,0.005481712564897652,1.0,1.1597168216338525,0.6564103089846097
148,148,0.005441774793255787,1.0,1.1593206112201397,0.6564103089846097
149,149,0.005402404062736493,1.0,1.1588182678589454,0.6538462065733396
150,150,0.005363846735025828,1.0,1.1584240473233736,0.6538462065733396
151,151,0.005326637371371572,1.0,1.1580107303766103,0.6538462065733396
152,152,0.005290241007549832,1.0,1.1576036306527944,0.6538462065733396
153,153,0.005254279607190535,1.0,1.1572567866398737,0.6564103089846097
154,154,0.005217943779336145,1.0,1.1568272984944856,0.6564103089846097
155,155,0.005183116246301394,1.0,1.1564435041867769,0.6564103089846097
156,156,0.0051482121657150295,1.0,1.1560862477009113,0.6564103089846097
157,157,0.005113093916756602,1.0,1.1556686896544237,0.6564103089846097
158,158,0.005079790627440581,1.0,1.1553621888160706,0.6564103089846097
159,159,0.00504672837157089,1.0,1.154975414276123,0.6564103089846097
160,160,0.005014030397153244,1.0,1.1547184861623323,0.6564103089846097
161,161,0.004980742555254927,1.0,1.1543273329734802,0.6564103089846097
162,162,0.004946829276517606,1.0,1.1539535797559297,0.6564103089846097
163,163,0.004912295244419231,1.0,1.1536236909719615,0.6589744136883662
164,164,0.004881610319269105,1.0,1.1533265801576467,0.6589744136883662
165,165,0.004848556740818402,1.0,1.1530057375247662,0.6589744136883662
166,166,0.00481615469414884,1.0,1.152669438948998,0.66153851380715
167,167,0.004784446415634682,1.0,1.152348307462839,0.66153851380715
168,168,0.004754515866247507,1.0,1.1520198858701265,0.66153851380715
169,169,0.004724380313956107,1.0,1.1516596904167762,0.66153851380715
170,170,0.004694514728796024,1.0,1.1513321766486535,0.66153851380715
171,171,0.004664753492061908,1.0,1.1509925585526686,0.66153851380715
172,172,0.004634186088179166,1.0,1.1506894551790678,0.66153851380715
173,173,0.004606288275681436,1.0,1.1504070988068213,0.66153851380715
174,174,0.004578258918347553,1.0,1.1500609792195833,0.66153851380715
175,175,0.004549094113127257,1.0,1.149754946048443,0.66153851380715
176,176,0.004520769248931454,1.0,1.149461723290957,0.66153851380715
177,177,0.004493160831491248,1.0,1.1491129719294035,0.66153851380715
178,178,0.004467501081168079,1.0,1.1487913773610041,0.66153851380715
179,179,0.004440256882494746,1.0,1.1485146375802846,0.66153851380715
180,180,0.004413694214935486,1.0,1.1481719200427716,0.66153851380715
181,181,0.004385763318098795,1.0,1.1479189487603993,0.66153851380715
182,182,0.004359321489643592,1.0,1.1476036447745104,0.66153851380715
183,183,0.004333222875944697,1.0,1.147231583411877,0.66153851380715
184,184,0.004306857890556925,1.0,1.146891250060155,0.66153851380715
185,185,0.00428062753053382,1.0,1.1465680874311006,0.66153851380715
186,186,0.004255951592662873,1.0,1.1462640533080468,0.66153851380715
187,187,0.004231302842247085,1.0,1.1459363332161536,0.6641026185109065
188,188,0.0042065393869191985,1.0,1.145616210423983,0.6641026185109065
189,189,0.00418154530836126,1.0,1.1453204613465529,0.6641026185109065
190,190,0.004157179138229157,1.0,1.145000668672415,0.6641026185109065
191,191,0.004133239921289855,1.0,1.1446755024103017,0.6641026185109065
192,192,0.004110243919198043,1.0,1.1443719221995428,0.6641026185109065
193,193,0.004086537000078421,1.0,1.1440664254702055,0.6641026185109065
194,194,0.004062430368951307,1.0,1.143793129003965,0.6666667186296903
195,195,0.004039660427504434,1.0,1.143521785736084,0.6641026139259338
196,196,0.004017482717664769,1.0,1.1432438355225782,0.6641026139259338
197,197,0.0039953523485634765,1.0,1.1429650737689092,0.6641026139259338
198,198,0.003973519165391246,1.0,1.1426935379321759,0.6641026139259338
199,199,0.003951297146089088,1.0,1.142440025623028,0.6641026139259338
200,200,0.003930360987746658,1.0,1.1422150914485638,0.6641026139259338
201,201,0.003908683935431047,1.0,1.141960776769198,0.6641026139259338
202,202,0.0038878584522395753,1.0,1.1417491390154912,0.6641026139259338
203,203,0.003867476506946752,1.0,1.141467062326578,0.6641026139259338
204,204,0.0038469522394454824,1.0,1.141179226911985,0.6641026139259338
205,205,0.003827014946951889,1.0,1.1409292037670429,0.6641026139259338
206,206,0.003806674732074428,1.0,1.1406728533598094,0.6641026139259338
207,207,0.0037862274553984976,1.0,1.1404429719998286,0.6641026139259338
208,208,0.0037663020193576813,1.0,1.1401999180133526,0.6641026139259338
209,209,0.0037469264621344898,1.0,1.1399600551678584,0.6641026139259338
210,210,0.003728389162391138,1.0,1.1397238694704497,0.6641026139259338
211,211,0.0037086255302151237,1.0,1.1394510131615858,0.6641026139259338
212,212,0.0036899201894322266,1.0,1.139168381690979,0.6641026139259338
213,213,0.0036709283818849004,1.0,1.1389017196801992,0.6641026139259338
214,214,0.0036522426929038307,1.0,1.1386900956814106,0.6641026139259338
215,215,0.003633847473583256,1.0,1.1384360606853778,0.6641026139259338
216,216,0.0036154650868131565,1.0,1.1382082654879644,0.6641026139259338
217,217,0.003597261854268324,1.0,1.137989002924699,0.6641026139259338
218,218,0.0035798805810582754,1.0,1.1377721016223614,0.6641026139259338
219,219,0.0035627461307180617,1.0,1.1375328439932604,0.6641026139259338
220,220,0.0035449978985035648,1.0,1.1373296976089478,0.6641026139259338
221,221,0.003527148411824153,1.0,1.1370807335926936,0.6641026139259338
222,222,0.003509250209810069,1.0,1.1368484084422772,0.6641026139259338
223,223,0.003491549076548276,1.0,1.1366684482647822,0.6641026139259338
224,224,0.003474656022332895,1.0,1.1364680987138014,0.6641026139259338
225,225,0.003457754098165494,1.0,1.1362413213803217,0.6641026139259338
226,226,0.00344058792017257,1.0,1.1360363960266113,0.6641026139259338
227,227,0.0034233594958025674,1.0,1.1358672242898207,0.6641026139259338
228,228,0.003407008874301727,1.0,1.1356549308850215,0.6641026139259338
229,229,0.0033907280169212474,1.0,1.1354741545823903,0.6641026139259338
230,230,0.003374206891749054,1.0,1.1352836673076336,0.6641026139259338
231,231,0.003358227536619569,1.0,1.1351243532620943,0.6641026139259338
232,232,0.0033418384577649143,1.0,1.1349290288411653,0.6641026139259338
233,233,0.0033256008128563943,1.0,1.134767303099999,0.6641026139259338
234,234,0.0033098838936824063,1.0,1.134579667678246,0.6641026139259338
235,235,0.0032941486525277677,1.0,1.134366287634923,0.6666667186296903
236,236,0.00327859616999586,1.0,1.1341495513916016,0.6666667186296903
237,237,0.0032635022026415053,1.0,1.1339854185397809,0.6666667186296903
238,238,0.0032481934311083304,1.0,1.1338313863827632,0.6641026139259338
239,239,0.003232929130228093,1.0,1.133594994361584,0.6641026139259338
240,240,0.0032183571378342235,1.0,1.1334335620586689,0.6641026139259338
241,241,0.0032034935295366896,1.0,1.1332431527284474,0.6666667186296903
242,242,0.0031888733143345094,1.0,1.1330505426113422,0.6666667186296903
243,243,0.003174587260358609,1.0,1.1328630218139062,0.6666667186296903
244,244,0.0031601976370438933,1.0,1.132641540123866,0.6666667186296903
245,245,0.003145760498367823,1.0,1.1324683657059302,0.6666667186296903
246,246,0.0031316124189358493,1.0,1.1322563336445735,0.6666667186296903
247,247,0.003117536602076143,1.0,1.1320542693138123,0.6666667186296903
248,248,0.0031039049231017437,1.0,1.131844277565296,0.6666667186296903
249,249,0.003090088600471902,1.0,1.131640966121967,0.6666667186296903
250,250,0.003076570910007621,1.0,1.1314358527843769,0.6666667186296903
251,251,0.0030628793756477535,1.0,1.1312179932227502,0.6666667186296903
252,252,0.0030494146407223665,1.0,1.1310416826835046,0.6666667186296903
253,253,0.003035747217766654,1.0,1.130829508487995,0.6666667186296903
254,254,0.0030225955549842464,1.0,1.1305981691067035,0.6666667186296903
255,255,0.003009549924172461,1.0,1.1304055910844069,0.6666667186296903
256,256,0.0029964844803684033,1.0,1.130240220289964,0.6666667186296903
257,257,0.002983637113804714,1.0,1.1300573853346019,0.6666667186296903
258,258,0.0029710916524681333,1.0,1.129850250024062,0.6666667186296903
259,259,0.002958387566300539,1.0,1.1296960207132192,0.6666667186296903
260,260,0.0029458941694778893,1.0,1.12949210863847,0.6666667186296903
261,261,0.0029332876348724733,1.0,1.1292943175022419,0.6666667186296903
262,262,0.0029214145078395423,1.0,1.129100643671476,0.6666667186296903
263,263,0.0029090144358073864,1.0,1.1288768374002898,0.6666667186296903
264,264,0.0028971100020079086,1.0,1.1287018427482018,0.6666667186296903
265,265,0.0028847644123463677,1.0,1.1285267976614146,0.6666667186296903
266,266,0.0028729683656890234,1.0,1.1283520460128784,0.6666667186296903
267,267,0.0028613557179386797,1.0,1.1281647865588849,0.6666667186296903
268,268,0.002849515903597841,1.0,1.1279733180999756,0.6666667186296903
269,269,0.0028380315768747376,1.0,1.1277833947768579,0.6666667186296903
270,270,0.0028265313191625932,1.0,1.1276059792591975,0.6666667186296903
271,271,0.0028148948017937634,1.0,1.1274337126658514,0.6666667186296903
272,272,0.0028035500704740677,1.0,1.1272685527801514,0.6666667186296903
273,273,0.0027922919924514224,1.0,1.1271106692460866,0.6666667186296903
274,274,0.00278096822484468,1.0,1.1269224882125854,0.6666667186296903
275,275,0.0027703195452117003,1.0,1.1267693042755127,0.6666667186296903
276,276,0.002759350687623597,1.0,1.126590031843919,0.6666667186296903
277,277,0.002748640392942784,1.0,1.1264381316991954,0.6666667186296903
278,278,0.0027378898991558412,1.0,1.1262723849369929,0.6666667186296903
279,279,0.0027270862214768734,1.0,1.1261308605854328,0.6666667186296903
280,280,0.0027166941167356875,1.0,1.1259806614655714,0.6666667186296903
281,281,0.00270615175115661,1.0,1.125828403692979,0.6666667186296903
282,282,0.0026955719311864902,1.0,1.1256672877531786,0.6666667186296903
283,283,0.002685363561165734,1.0,1.12550576375081,0.6666667186296903
284,284,0.00267526480064799,1.0,1.1253531208405128,0.6666667186296903
285,285,0.002665145662971414,1.0,1.1252295741668115,0.6666667186296903
286,286,0.002655088744806842,1.0,1.1250557349278376,0.6666667186296903
287,287,0.0026452255417377902,1.0,1.124883995606349,0.6666667186296903
288,288,0.0026348498202143954,1.0,1.1247260066179128,0.6666667186296903
289,289,0.002624701135433637,1.0,1.124565798502702,0.6666667186296903
290,290,0.002614868907795216,1.0,1.1244247739131634,0.6666667186296903
291,291,0.002605135516765026,1.0,1.12427858205942,0.6666667186296903
292,292,0.0025954146717245188,1.0,1.1241356913860028,0.6666667186296903
293,293,0.0025858290744229006,1.0,1.1239741811385522,0.6666667186296903
294,294,0.002576078776305971,1.0,1.1238115246479328,0.6666667186296903
295,295,0.002566919008341546,1.0,1.1236817240715027,0.6666667186296903
296,296,0.00255748843595099,1.0,1.1235186824431787,0.6666667186296903
297,297,0.0025481598612924036,1.0,1.123381284567026,0.6666667186296903
298,298,0.002538664794813555,1.0,1.1232378024321337,0.6666667186296903
299,299,0.0025297377231674125,1.0,1.1230833209477937,0.6666667186296903
300,300,0.0025206265765099,1.0,1.1229375463265638,0.6666667186296903
301,301,0.0025115716092001935,1.0,1.1227910747894874,0.6666667186296903
302,302,0.0025026614222532283,1.0,1.1226515036362867,0.6666667186296903
303,303,0.002493469810220771,1.0,1.1224936155172496,0.6692308187484741
304,304,0.0024846581106360713,1.0,1.1223439482542186,0.6692308187484741
305,305,0.0024756871190710138,1.0,1.1222092050772448,0.6692308187484741
306,306,0.0024669005741508533,1.0,1.1220420369735131,0.671794918867258
307,307,0.0024579876201012386,1.0,1.1219210349596465,0.671794918867258
308,308,0.002449383999471768,1.0,1.1217774519553552,0.671794918867258
309,309,0.0024407217144751204,1.0,1.1216558172152593,0.671794918867258
310,310,0.0024322171677620364,1.0,1.1215116427494929,0.671794918867258
311,311,0.0024238071816328624,1.0,1.1213745062167828,0.671794918867258
312,312,0.002415572776674078,1.0,1.1212584330485418,0.671794918867258
313,313,0.0024071024963632226,1.0,1.1211204895606408,0.671794918867258
314,314,0.002398863022860426,1.0,1.1209905055853038,0.671794918867258
315,315,0.0023904488950323025,1.0,1.1208611818460317,0.671794918867258
316,316,0.002382255253346207,1.0,1.1207534074783325,0.671794918867258
317,317,0.002374315397061694,1.0,1.1206177473068237,0.671794918867258
318,318,0.0023663600172417667,1.0,1.1204838156700134,0.671794918867258
319,319,0.0023583183154607047,1.0,1.1203526762815623,0.671794918867258
320,320,0.002350401522842451,1.0,1.120240261921516,0.671794918867258
321,321,0.002342549107897167,1.0,1.1201154818901649,0.671794918867258
322,322,0.00233461747232538,1.0,1.1199958049334013,0.671794918867258
323,323,0.0023269750303230607,1.0,1.119875165132376,0.671794918867258
324,324,0.002319145101444939,1.0,1.1197484410726106,0.671794918867258
325,325,0.0023115246216408336,1.0,1.119588200862591,0.671794918867258
326,326,0.002303848105769318,1.0,1.1194925354077265,0.671794918867258
327,327,0.0022963457002053754,1.0,1.1193268665900598,0.671794918867258
328,328,0.002288809720014867,1.0,1.119171523130857,0.671794918867258
329,329,0.0022813998310504337,1.0,1.1190633911352892,0.671794918867258
330,330,0.002274157345080032,1.0,1.118902509029095,0.671794918867258
331,331,0.0022667996751037068,1.0,1.118775514455942,0.671794918867258
332,332,0.0022595301427197857,1.0,1.1186431921445406,0.671794918867258
333,333,0.002252271963068499,1.0,1.1185023188591003,0.671794918867258
334,334,0.002244935923954472,1.0,1.1183647375840406,0.671794918867258
335,335,0.0022377452047434277,1.0,1.1182311314802904,0.671794918867258
336,336,0.002230731065188033,1.0,1.118089455824632,0.671794918867258
337,337,0.002223554958338634,1.0,1.117932649759146,0.671794918867258
338,338,0.002216537091254185,1.0,1.1177845276319063,0.671794918867258
339,339,0.0022094631657147636,1.0,1.1176643738379846,0.671794918867258
340,340,0.0022025944468063805,1.0,1.1175313225159278,0.671794918867258
341,341,0.0021957147490376462,1.0,1.1173714032539954,0.671794918867258
342,342,0.0021888763742306484,1.0,1.117233184667734,0.671794918867258
343,343,0.0021821679525041524,1.0,1.11710812495305,0.671794918867258
344,344,0.002175471579763465,1.0,1.1169868891055768,0.671794918867258
345,345,0.002168786356028599,1.0,1.1168537598389845,0.671794918867258
346,346,0.0021620648487721784,1.0,1.1167065363663893,0.671794918867258
347,347,0.002155568070100764,1.0,1.1165818296946013,0.671794918867258
348,348,0.0021489670594187025,1.0,1.1164453304730928,0.671794918867258
349,349,0.002142468606157658,1.0,1.1163118940133314,0.671794918867258
350,350,0.0021360309105008268,1.0,1.1161902180084815,0.671794918867258
351,351,0.0021296084339085678,1.0,1.1160391798386207,0.671794918867258
352,352,0.00212316736444616,1.0,1.115927884211907,0.671794918867258
353,353,0.0021169012112435526,1.0,1.11579318688466,0.671794918867258
354,354,0.00211055398820183,1.0,1.1156615981688867,0.671794918867258
355,355,0.0021042431292768856,1.0,1.11552789578071,0.671794918867258
356,356,0.002098060338399731,1.0,1.1153814242436335,0.671794918867258
357,357,0.0020918213166833785,1.0,1.1152372360229492,0.671794918867258
358,358,0.0020856911768742767,1.0,1.1150919198989868,0.671794918867258
359,359,0.0020796097456835783,1.0,1.114956626525292,0.671794918867258
360,360,0.002073432652440925,1.0,1.1148477334242601,0.671794918867258
361,361,0.002067425456166697,1.0,1.114704457613138,0.671794918867258
362,362,0.0020613577955653174,1.0,1.114570058309115,0.671794918867258
363,363,0.002055539982393384,1.0,1.114452064037323,0.671794918867258
364,364,0.0020495698241015468,1.0,1.1143057254644542,0.671794918867258
365,365,0.002043724691387839,1.0,1.1141970524421105,0.671794918867258
366,366,0.0020378804452215824,1.0,1.1140714837954595,0.671794918867258
367,367,0.002032055797127004,1.0,1.113931600864117,0.671794918867258
368,368,0.0020262364683171306,1.0,1.113815005008991,0.671794918867258
369,369,0.0020205826865724074,1.0,1.1137059606038606,0.671794918867258
370,370,0.002014783546865846,1.0,1.1135798142506526,0.671794918867258
371,371,0.0020091247256809417,1.0,1.1134528792821443,0.671794918867258
372,372,0.0020034246486969865,1.0,1.1133364484860346,0.671794918867258
373,373,0.001997770152789039,1.0,1.1132132273453932,0.671794918867258
374,374,0.0019922444995385236,1.0,1.113099034015949,0.671794918867258
375,375,0.001986579481476488,1.0,1.1129614389859712,0.671794918867258
376,376,0.0019811061412418405,1.0,1.1128573234264667,0.671794918867258
377,377,0.001975629568243256,1.0,1.1127419104942908,0.6692308141635015
378,378,0.0019701317875072933,1.0,1.1126259106856127,0.6692308141635015
379,379,0.0019647690597384307,1.0,1.1125181454878588,0.6692308141635015
380,380,0.0019593552278820425,1.0,1.1124061667002165,0.6692308141635015
381,381,0.0019540225106398934,1.0,1.1122852655557485,0.6692308141635015
382,382,0.0019486927485559136,1.0,1.1121653410104604,0.6692308141635015
383,383,0.0019433605462276877,1.0,1.112048552586482,0.6692308141635015
384,384,0.0019380695302970707,1.0,1.1119290315187895,0.6692308141635015
385,385,0.001932881962812434,1.0,1.1118272359554584,0.6692308141635015
386,386,0.001927683232889439,1.0,1.1117051931527944,0.6692308141635015
387,387,0.0019225293430141532,1.0,1.1115886614872859,0.6692308141635015
388,388,0.0019174692838882597,1.0,1.1114938029876122,0.6692308141635015
389,389,0.0019122614623763813,1.0,1.1113810768494239,0.6692308141635015
390,390,0.0019072642630467622,1.0,1.1112730365533094,0.6692308141635015
391,391,0.0019021738687745081,1.0,1.1111551569058344,0.6692308141635015
392,392,0.0018971811581510478,1.0,1.1110417063419635,0.6692308141635015
393,393,0.0018921521080371279,1.0,1.1109372285696177,0.6692308141635015
394,394,0.0018872042486551576,1.0,1.1108210591169505,0.6692308141635015
395,395,0.001882230039112843,1.0,1.1107200705088103,0.6692308141635015
396,396,0.0018772152252495289,1.0,1.1106108381198003,0.6692308141635015
397,397,0.0018723395567996283,1.0,1.1105129672930791,0.6692308141635015
398,398,0.0018674857139838142,1.0,1.110395188515003,0.6692308141635015
399,399,0.0018625537699195915,1.0,1.1102836315448468,0.6692308141635015
400,400,0.0018577214393119973,1.0,1.1101765540929942,0.6692308141635015
401,401,0.001852885658781116,1.0,1.110069724229666,0.6692308141635015
402,402,0.0018481321861215222,1.0,1.109964356972621,0.6692308141635015
403,403,0.001843387603562755,1.0,1.1098620341374323,0.6692308141635015
404,404,0.0018386442254548175,1.0,1.1097560708339398,0.6692308141635015
405,405,0.0018339430120809434,1.0,1.1096293926239014,0.6692308141635015
406,406,0.0018292524216051858,1.0,1.1095473628777723,0.6692308141635015
407,407,0.0018247531350845327,1.0,1.1094234035565302,0.6692308141635015
408,408,0.001820044710676974,1.0,1.1093252071967492,0.6692308141635015
409,409,0.0018155072287369806,1.0,1.1092151082479036,0.6692308141635015
410,410,0.0018109448383956288,1.0,1.1091132622498732,0.6692308141635015
411,411,0.0018064637753503541,1.0,1.1089926591286292,0.6692308141635015
412,412,0.0018019586658248534,1.0,1.1088928947081933,0.6692308141635015
413,413,0.0017974776139733596,1.0,1.1087938592984126,0.6692308141635015
414,414,0.0017930152042446514,1.0,1.108696515743549,0.6692308141635015
415,415,0.001788567693438381,1.0,1.1086016939236567,0.6692308141635015
416,416,0.0017841061568245864,1.0,1.1085007878450246,0.6692308141635015
417,417,0.0017797291489282192,1.0,1.1084005007377038,0.6692308141635015
418,418,0.001775368535443424,1.0,1.1083084619962251,0.6692308141635015
419,419,0.0017710351295625935,1.0,1.108209321132073,0.6692308141635015
420,420,0.0017666276812983246,1.0,1.1081051047031696,0.6692308141635015
421,421,0.001762343355669425,1.0,1.1080306997665992,0.6692308141635015
422,422,0.0017580402312048066,1.0,1.1078997529470003,0.6692308141635015
423,423,0.0017537914279203576,1.0,1.1078179799593413,0.6692308141635015
424,424,0.0017495142954150932,1.0,1.1077272937848017,0.6692308141635015
425,425,0.0017453125977996164,1.0,1.1076103586416979,0.6692308141635015
426,426,0.0017410858910387526,1.0,1.1075376638999352,0.6692308141635015
427,427,0.001736909251821299,1.0,1.1074345249396105,0.6692308141635015
428,428,0.0017327852188967741,1.0,1.1073348109538739,0.6692308141635015
429,429,0.001728611984827484,1.0,1.1072579897367036,0.6692308141635015
430,430,0.0017244962263458336,1.0,1.1071396470069885,0.6692308141635015
431,431,0.0017204007957703792,1.0,1.1070710649857154,0.6692308141635015
432,432,0.0017163034040445031,1.0,1.1069852801469655,0.6692308141635015
433,433,0.0017123108375996638,1.0,1.1068640351295471,0.6692308141635015
434,434,0.0017082118809832116,1.0,1.106803761078761,0.6692308141635015
435,435,0.0017042165563907474,1.0,1.106699553819803,0.6692308141635015
436,436,0.0017002094290756548,1.0,1.1065980654496412,0.6692308141635015
437,437,0.0016962538021079337,1.0,1.1065160540434031,0.6692308141635015
438,438,0.001692258473037957,1.0,1.1064169865388136,0.6692308141635015
439,439,0.001688349510704239,1.0,1.1063327147410467,0.6692308141635015
440,440,0.0016844322851214271,1.0,1.1062553433271556,0.6692308141635015
441,441,0.001680529983087371,1.0,1.1061643682993376,0.6692308141635015
442,442,0.0016766819753684103,1.0,1.1060799222726088,0.6692308141635015
443,443,0.0016728070645163266,1.0,1.1059869390267592,0.6692308141635015
444,444,0.0016690045080255144,1.0,1.105895037834461,0.6692308141635015
445,445,0.0016652158989857596,1.0,1.1057990697714,0.6692308141635015
446,446,0.0016614001808473123,1.0,1.1057167465870197,0.6692308141635015
447,447,0.0016576108397342837,1.0,1.1056347764455354,0.6692308141635015
448,448,0.001653861075353164,1.0,1.105547927893125,0.6692308141635015
449,449,0.0016501491078927827,1.0,1.1054671956942632,0.6692308141635015
450,450,0.0016464527803831375,1.0,1.105391419850863,0.6692308141635015
451,451,0.0016427123516153258,1.0,1.105306978409107,0.6692308141635015
452,452,0.0016390950969742755,1.0,1.1052236419457655,0.6692308141635015
453,453,0.0016353857376648544,1.0,1.1051464218359728,0.6692308141635015
454,454,0.0016317515110131353,1.0,1.105065066080827,0.6692308141635015
455,455,0.0016281621647067368,1.0,1.104975672868582,0.6692308141635015
456,456,0.0016245269306147327,1.0,1.1048886730120733,0.6692308141635015
457,457,0.0016209888383925247,1.0,1.1048191648263197,0.6692308141635015
458,458,0.0016174267556589956,1.0,1.1047402712015004,0.6692308141635015
459,459,0.0016138184582814574,1.0,1.1046576591638417,0.6692308141635015
460,460,0.0016102629283872934,1.0,1.104579820082738,0.6692308141635015
461,461,0.0016067455110784906,1.0,1.1044937051259553,0.6692308141635015
462,462,0.001603227715419892,1.0,1.1044263748022227,0.6692308141635015
463,463,0.001599708507106138,1.0,1.1043543632213886,0.6692308141635015
464,464,0.0015962258352933882,1.0,1.1042684408334584,0.6692308141635015
465,465,0.0015927459955072175,1.0,1.1041789605067327,0.6692308141635015
466,466,0.0015893577141329073,1.0,1.104096871155959,0.6692308141635015
467,467,0.0015859174913762568,1.0,1.1040288897661061,0.6692308141635015
468,468,0.0015825101335604603,1.0,1.1039462364636934,0.6692308141635015
469,469,0.0015790930483490229,1.0,1.1038675812574534,0.6692308141635015
470,470,0.001575761844063751,1.0,1.1037823007656977,0.6692308141635015
471,471,0.001572418960187441,1.0,1.1037119443599994,0.6692308141635015
472,472,0.0015690716592451702,1.0,1.103633999824524,0.6692308141635015
473,473,0.0015657495868463928,1.0,1.1035447074816778,0.6692308141635015
474,474,0.0015624308546718496,1.0,1.1034851624415472,0.6692308141635015
475,475,0.0015591735136695206,1.0,1.1034026329333966,0.6692308141635015
476,476,0.0015558931336272508,1.0,1.1033290762167711,0.6692308141635015
477,477,0.0015526519340570443,1.0,1.1032492976922255,0.6692308141635015
478,478,0.001549390052857164,1.0,1.1031751495141249,0.6692308141635015
479,479,0.00154616843120983,1.0,1.1030792593955994,0.6692308141635015
480,480,0.00154292979501546,1.0,1.103025761934427,0.6692308141635015
481,481,0.0015397025317025299,1.0,1.1029284917391264,0.6692308141635015
482,482,0.0015365530987485098,1.0,1.1028682451981764,0.6692308141635015
483,483,0.0015334119827737315,1.0,1.1027812315867498,0.6692308141635015
484,484,0.0015302084749027227,1.0,1.102714410194984,0.6666667094597449
485,485,0.0015270713013775933,1.0,1.1026450120485747,0.6666667094597449
486,486,0.0015239623428967136,1.0,1.1025638396923358,0.6666667094597449
487,487,0.001520805557867369,1.0,1.1024791460770826,0.6666667094597449
488,488,0.0015177591211305787,1.0,1.1024047228006215,0.6666667094597449
489,489,0.0015145987294650136,1.0,1.1023101393993084,0.6666667094597449
490,490,0.0015115353319113357,1.0,1.1022323690927947,0.6666667094597449
491,491,0.0015084642531851737,1.0,1.1021694861925566,0.6666667094597449
492,492,0.0015053975557048733,1.0,1.1020978138997004,0.6666667094597449
493,493,0.0015023664969843454,1.0,1.102013885974884,0.6666667094597449
494,494,0.0014993532475693007,1.0,1.1019425438000605,0.6666667094597449
495,495,0.0014963339915714012,1.0,1.101871852691357,0.6666667094597449
496,496,0.001493369484356103,1.0,1.1017931653903081,0.6666667094597449
497,497,0.001490397492978865,1.0,1.1017175179261427,0.6666667094597449
498,498,0.0014874537233621455,1.0,1.1016474136939416,0.6692308141635015
499,499,0.0014844511998280024,1.0,1.1015777358641992,0.6692308141635015
500,500,0.0014815154695847572,1.0,1.101505540884458,0.6692308141635015
501,501,0.0014785870936555932,1.0,1.101426830658546,0.6692308141635015
502,502,0.0014756578513277839,1.0,1.1013594361451955,0.6692308141635015
503,503,0.0014727178405827056,1.0,1.101273353283222,0.6692308141635015
504,504,0.0014697982719203888,1.0,1.101204202725337,0.6692308141635015
505,505,0.0014669439764335179,1.0,1.1011276611915002,0.6692308141635015
506,506,0.0014640554302157117,1.0,1.1010580292114844,0.6692308141635015
507,507,0.0014611649989651947,1.0,1.1009973975328298,0.6692308141635015
508,508,0.0014583445310843391,1.0,1.1009116814686701,0.6692308141635015
509,509,0.00145548618121001,1.0,1.1008354883927565,0.6692308141635015
510,510,0.0014526516808053623,1.0,1.1007821559906006,0.6692308141635015
511,511,0.0014498535691438099,1.0,1.1007101856745207,0.6692308141635015
512,512,0.0014470314154795443,1.0,1.100633937578935,0.6692308141635015
513,513,0.0014442653090764696,1.0,1.1005597114562988,0.6692308141635015
514,514,0.0014414949579916608,1.0,1.100490464613988,0.6692308141635015
515,515,0.00143870747818325,1.0,1.100413285768949,0.6692308141635015
516,516,0.001435962051171093,1.0,1.100349472119258,0.6692308141635015
517,517,0.0014331764698279304,1.0,1.100282581952902,0.6692308141635015
518,518,0.0014304460290497025,1.0,1.1002047657966614,0.6692308141635015
519,519,0.001427724523147425,1.0,1.1001564539395845,0.6692308141635015
520,520,0.0014249634897658746,1.0,1.1000848687612093,0.6692308141635015
521,521,0.0014223038250258048,1.0,1.1000136687205389,0.6692308141635015
522,522,0.0014195935039494473,1.0,1.0999504694571862,0.6692308141635015
523,523,0.0014168991944573533,1.0,1.099886600787823,0.6692308141635015
524,524,0.0014142173055845958,1.0,1.0998236766228309,0.6692308141635015
525,525,0.0014115678518115042,1.0,1.0997542647215037,0.6692308141635015
526,526,0.001408897837301573,1.0,1.0996860311581538,0.6692308141635015
527,527,0.0014062952944256652,1.0,1.0996335102961614,0.6692308141635015
528,528,0.0014036570792086422,1.0,1.099562039742103,0.6692308141635015
529,529,0.001401058465349846,1.0,1.099490688397334,0.6692308141635015
530,530,0.0013984454316624368,1.0,1.0994404004170344,0.6692308141635015
531,531,0.0013958581503874694,1.0,1.099359970826369,0.6692308141635015
532,532,0.0013932808159062495,1.0,1.0993068034832294,0.6692308141635015
533,533,0.0013906925607723398,1.0,1.0992303582338185,0.6692308141635015
534,534,0.001388106732450139,1.0,1.099175778719095,0.6692308141635015
535,535,0.0013855799401286417,1.0,1.0991165317021883,0.6692308141635015
536,536,0.0013830529172152567,1.0,1.099038371672997,0.6692308141635015
537,537,0.0013805055843057255,1.0,1.098983576664558,0.6692308141635015
538,538,0.0013779699377035005,1.0,1.0989073881736169,0.6692308141635015
539,539,0.001375438773091166,1.0,1.0988442530998817,0.6692308141635015
540,540,0.0013729406972953046,1.0,1.0987853132761443,0.6692308141635015
541,541,0.0013704203548303877,1.0,1.0987177537037776,0.6692308141635015
542,542,0.001367944630776317,1.0,1.0986486031458929,0.6692308141635015
543,543,0.0013654430558045323,1.0,1.0985716718893785,0.6692308141635015
544,544,0.0013629929431212635,1.0,1.0985082846421461,0.6692308141635015
545,545,0.0013605133907941098,1.0,1.098433100260221,0.6692308141635015
546,546,0.0013580497784110217,1.0,1.0983783831963172,0.6692308141635015
547,547,0.0013556049984449951,1.0,1.0983048631594732,0.6692308141635015
548,548,0.0013531850238975424,1.0,1.098235772206233,0.6692308141635015
549,549,0.0013507599651347846,1.0,1.0981739988693824,0.666666716337204
550,550,0.0013483364555913096,1.0,1.0981022578019362,0.6692308141635015
551,551,0.0013459125005353529,1.0,1.0980402552164519,0.666666716337204
552,552,0.001343514770269394,1.0,1.0979782251211314,0.6692308141635015
553,553,0.001341143705828402,1.0,1.097906415279095,0.6692308141635015
554,554,0.001338748241183706,1.0,1.0978419322233934,0.666666716337204
555,555,0.0013363872623393456,1.0,1.09777439557589,0.666666716337204
556,556,0.0013340140777962427,1.0,1.0977138785215526,0.666666716337204
557,557,0.0013316699567859848,1.0,1.0976565571931691,0.666666716337204
558,558,0.0013293451114665144,1.0,1.0975826657735384,0.666666716337204
559,559,0.001326986919873609,1.0,1.0975278157454271,0.666666716337204
560,560,0.0013246670289215846,1.0,1.0974528239323542,0.666666716337204
561,561,0.0013223639174471968,1.0,1.0973917750211863,0.666666716337204
562,562,0.0013200467868815535,1.0,1.0973439950209398,0.666666716337204
563,563,0.0013177622817098522,1.0,1.097263684639564,0.666666716337204
564,564,0.0013154673103529674,1.0,1.0972125897040734,0.666666716337204
565,565,0.00131318555213511,1.0,1.0971391797065735,0.666666716337204
566,566,0.0013109475101093547,1.0,1.097071913572458,0.666666716337204
567,567,0.0013086638265611748,1.0,1.097018484885876,0.666666716337204
568,568,0.0013064043887425214,1.0,1.096951425075531,0.666666716337204
569,569,0.0013041523500130726,1.0,1.0968850484261146,0.666666716337204
570,570,0.0013019274136660476,1.0,1.0968282360296984,0.666666716337204
571,571,0.0012996991684373755,1.0,1.096772170983828,0.666666716337204
572,572,0.0012974637479951175,1.0,1.0966995358467102,0.666666716337204
573,573,0.0012952510822707643,1.0,1.0966393993451045,0.666666716337204
574,574,0.0012930468544184875,1.0,1.096573306963994,0.666666716337204
575,575,0.0012908620164335633,1.0,1.0965097454878001,0.666666716337204
576,576,0.0012886732024176477,1.0,1.096449696100675,0.666666716337204
577,577,0.0012865120594282276,1.0,1.0963749243662908,0.666666716337204
578,578,0.0012843520783532697,1.0,1.0963120552209706,0.666666716337204
579,579,0.001282177292383634,1.0,1.0962362885475159,0.666666716337204
580,580,0.0012800558291089076,1.0,1.0961844325065613,0.666666716337204
581,581,0.0012778866042096454,1.0,1.0961313843727112,0.666666716337204
582,582,0.0012757314924293985,1.0,1.096058584176577,0.666666716337204
583,583,0.0012735992495436221,1.0,1.0960061229192293,0.666666716337204
584,584,0.0012714673044124187,1.0,1.0959412593107958,0.666666716337204
585,585,0.0012693913841548448,1.0,1.0958725351553698,0.666666716337204
586,586,0.0012672647941284454,1.0,1.0958230449603155,0.666666716337204
587,587,0.001265178385298126,1.0,1.0957603821387658,0.666666716337204
588,588,0.0012630884795306395,1.0,1.0957023868193994,0.666666716337204
589,589,0.0012609903261853526,1.0,1.0956621766090393,0.666666716337204
590,590,0.0012589298533454824,1.0,1.0955899220246534,0.666666716337204
591,591,0.0012568476332279926,1.0,1.0955366721520057,0.666666716337204
592,592,0.0012547943288854395,1.0,1.0954866546850939,0.666666716337204
593,593,0.0012527458401074489,1.0,1.095422075344966,0.666666716337204
594,594,0.0012507096980698407,1.0,1.0953712509228632,0.666666716337204
595,595,0.0012486198303612093,1.0,1.0953143605819116,0.666666716337204
596,596,0.00124662426354077,1.0,1.0952565257365887,0.666666716337204
597,597,0.0012445933825802058,1.0,1.0952066687437205,0.666666716337204
598,598,0.0012425633187656505,1.0,1.095145514378181,0.666666716337204
599,599,0.0012405455367675482,1.0,1.0950912237167358,0.666666716337204
600,600,0.0012385554728098214,1.0,1.0950239667525659,0.666666716337204
601,601,0.0012365588918328285,1.0,1.0949796759165251,0.666666716337204
602,602,0.001234565357803009,1.0,1.0949232073930593,0.666666716337204
603,603,0.0012325545853505342,1.0,1.0948666746799762,0.666666716337204
604,604,0.0012305993653941327,1.0,1.0948122281294603,0.666666716337204
605,605,0.0012286218630973822,1.0,1.0947538568423345,0.666666716337204
606,606,0.001226667625954948,1.0,1.0947087911459117,0.666666716337204
607,607,0.001224718327508666,1.0,1.094629888351147,0.666666716337204
608,608,0.00122275942703709,1.0,1.0945889032804048,0.666666716337204
609,609,0.001220809685317083,1.0,1.0945403438348036,0.666666716337204
610,610,0.0012188855482516093,1.0,1.0944802898627062,0.666666716337204
611,611,0.0012169412959617777,1.0,1.0944291399075434,0.666666716337204
612,612,0.0012150148686487228,1.0,1.09436362523299,0.666666716337204
613,613,0.0012131017440249426,1.0,1.0943197011947632,0.666666716337204
614,614,0.0012112035407111621,1.0,1.0942675242057214,0.6692308210409604
615,615,0.0012092693471528876,1.0,1.094207878296192,0.6692308210409604
616,616,0.0012073795973824768,1.0,1.0941523175973158,0.6692308210409604
617,617,0.0012054736255847204,1.0,1.0940831716244037,0.6692308210409604
618,618,0.0012035880063194782,1.0,1.0940442589613109,0.6692308210409604
619,619,0.0012017156651171928,1.0,1.0939983633848338,0.6692308210409604
620,620,0.001199842786613422,1.0,1.0939424817378705,0.6692308210409604
621,621,0.001197963650786103,1.0,1.093885742701017,0.6692308210409604
622,622,0.001196133407155195,1.0,1.0938267020078807,0.6692308210409604
623,623,0.001194283330383209,1.0,1.093766675545619,0.6692308210409604
624,624,0.0011924278604475637,1.0,1.0937217611532946,0.6692308210409604
625,625,0.001190594028090485,1.0,1.0936610331902137,0.6692308210409604
626,626,0.001188777902056105,1.0,1.0936049498044527,0.6692308210409604
627,627,0.0011869536873956139,1.0,1.0935511726599474,0.6692308210409604
628,628,0.0011851402165260739,1.0,1.093493457023914,0.6692308210409604
629,629,0.0011833201995334374,1.0,1.0934409407468944,0.6692308210409604
630,630,0.0011815083316133285,1.0,1.093386750954848,0.6692308210409604
631,631,0.0011797307099466426,1.0,1.0933242852871234,0.6692308210409604
632,632,0.001177922444185242,1.0,1.0932743365948017,0.6692308210409604
633,633,0.0011761394248773845,1.0,1.0932143926620483,0.6717949257447169
634,634,0.0011743623226021344,1.0,1.093148579964271,0.6717949257447169
635,635,0.001172556165749064,1.0,1.093101400595445,0.6717949257447169
636,636,0.0011708064882371288,1.0,1.093047783924983,0.6717949257447169
637,637,0.0011690518944166028,1.0,1.0929893897129939,0.6717949257447169
638,638,0.0011672784592239903,1.0,1.0929264151133025,0.6717949257447169
639,639,0.0011655176125574284,1.0,1.0928762646821828,0.6717949257447169
640,640,0.001163776614703238,1.0,1.0928271550398607,0.6717949257447169
641,641,0.0011620191149771786,1.0,1.0927686095237732,0.6717949257447169
642,642,0.0011602897094025349,1.0,1.0927084455123315,0.6717949257447169
643,643,0.0011585544091828454,1.0,1.0926579099435072,0.6717949257447169
644,644,0.0011568345384708105,1.0,1.0925917533727794,0.6717949257447169
645,645,0.0011551385508097995,1.0,1.0925428042045007,0.6717949257447169
646,646,0.001153423768790582,1.0,1.0924779772758484,0.6717949257447169
647,647,0.001151696469885512,1.0,1.09242772597533,0.6692308210409604
648,648,0.0011499865750710552,1.0,1.092357704272637,0.6692308210409604
649,649,0.0011483030192231615,1.0,1.0923081040382385,0.6692308210409604
650,650,0.0011466189932364684,1.0,1.0922621351021986,0.6692308210409604
651,651,0.001144928685299909,1.0,1.0922042956719031,0.6692308210409604
652,652,0.001143257006053598,1.0,1.0921429670774019,0.6692308210409604
653,653,0.0011415846395091368,1.0,1.0920901757020216,0.6692308210409604
654,654,0.0011399073141197173,1.0,1.0920370312837453,0.6692308210409604
655,655,0.001138246401051919,1.0,1.091982589318202,0.6692308210409604
656,656,0.0011365882170279152,1.0,1.0919383122370794,0.6692308210409604
657,657,0.0011349405663517804,1.0,1.0918766489395728,0.6692308210409604
658,658,0.0011332758988898534,1.0,1.0918333851374113,0.6692308210409604
659,659,0.0011316447165042448,1.0,1.0917795438032885,0.6692308210409604
660,660,0.0011300121662386048,1.0,1.0917341296489422,0.6692308210409604
661,661,0.001128374652650494,1.0,1.0916924568322988,0.6692308210409604
662,662,0.0011267504238416082,1.0,1.0916110139626722,0.6692308210409604
663,663,0.0011251289218377608,1.0,1.0915610240055964,0.6692308210409604
664,664,0.0011235142346077526,1.0,1.09151396384606,0.6692308210409604
665,665,0.0011218936684039922,1.0,1.091465344795814,0.6692308210409604
666,666,0.0011202966471990715,1.0,1.091418206691742,0.6692308210409604
667,667,0.0011186856740655808,1.0,1.0913733060543354,0.6692308210409604
668,668,0.0011170860738135301,1.0,1.091316452393165,0.6692308210409604
669,669,0.0011154871048907249,1.0,1.0912630328765283,0.6692308210409604
670,670,0.0011139034110013968,1.0,1.0912165825183575,0.6692308210409604
671,671,0.0011123138851521967,1.0,1.0911610355743995,0.6692308210409604
672,672,0.0011107220824879522,1.0,1.0911139937547536,0.6692308210409604
673,673,0.0011091701364001403,1.0,1.0910554023889394,0.6692308210409604
674,674,0.0011075766255649237,1.0,1.091013408624209,0.6692308210409604
675,675,0.0011060195840680255,1.0,1.0909556242135854,0.6692308210409604
676,676,0.0011044574471620412,1.0,1.090915051790384,0.6692308210409604
677,677,0.0011029100188842188,1.0,1.090856643823477,0.6692308210409604
678,678,0.0011013521378537496,1.0,1.0908006888169508,0.6692308210409604
679,679,0.0010997937934007496,1.0,1.0907458708836482,0.6692308210409604
680,680,0.0010982704048868842,1.0,1.0907103694402254,0.6692308210409604
681,681,0.0010967451794735657,1.0,1.0906639236670275,0.6692308210409604
682,682,0.00109519176700045,1.0,1.0905962403003986,0.6692308210409604
683,683,0.0010936692146620213,1.0,1.0905426373848548,0.6692308210409604
684,684,0.001092153908057998,1.0,1.0904909188930805,0.6692308210409604
685,685,0.0010906377574428916,1.0,1.090442405297206,0.6692308210409604
686,686,0.0010891138159562475,1.0,1.090386221042046,0.6692308210409604
687,687,0.001087588436068752,1.0,1.0903387115551875,0.6692308210409604
688,688,0.0010861024123956808,1.0,1.090288024682265,0.6692308210409604
689,689,0.0010845809715996997,1.0,1.090239052589123,0.6692308210409604
690,690,0.0010830714488222909,1.0,1.0901873753621028,0.6692308210409604
691,691,0.00108159068846502,1.0,1.0901389259558458,0.6692308210409604
692,692,0.001080086188337121,1.0,1.0900931725135217,0.6692308210409604
693,693,0.0010786248178472025,1.0,1.090045956464914,0.6692308210409604
694,694,0.0010771353498477344,1.0,1.090011871778048,0.6692308210409604
695,695,0.0010756535204843832,1.0,1.0899405066783612,0.6692308210409604
696,696,0.0010741870971217465,1.0,1.089904771401332,0.6692308210409604
697,697,0.0010727232651193985,1.0,1.0898573444439814,0.6692308210409604
698,698,0.00107125928647852,1.0,1.089814516214224,0.6692308210409604
699,699,0.001069800787193414,1.0,1.08977145415086,0.6692308210409604
700,700,0.0010683381909844824,1.0,1.089719763168922,0.6692308210409604
701,701,0.001066904174737059,1.0,1.089671776844905,0.6692308210409604
702,702,0.0010654555315760751,1.0,1.0896243911523085,0.6692308210409604
703,703,0.0010640083346515894,1.0,1.0895794125703664,0.6692308210409604
704,704,0.0010625992984457228,1.0,1.0895426915242121,0.6692308210409604
705,705,0.0010611648210145247,1.0,1.0894919496316176,0.6692308210409604
706,706,0.0010597391362982588,1.0,1.0894452104201684,0.6692308210409604
707,707,0.0010583177231288014,1.0,1.089406655384944,0.6692308210409604
708,708,0.0010569047713383602,1.0,1.089356472859016,0.6692308210409604
709,709,0.0010555010633722234,1.0,1.0893005040975718,0.6692308210409604
710,710,0.0010540882682947156,1.0,1.0892650485038757,0.6692308210409604
711,711,0.0010526931000640616,1.0,1.0892205696839552,0.6692308210409604
712,712,0.001051301441083734,1.0,1.0891691858951862,0.6692308210409604
713,713,0.0010498993170376008,1.0,1.089132235600398,0.6692308210409604
714,714,0.0010485045383505237,1.0,1.0890948313933153,0.6692308210409604
715,715,0.0010471311789632847,1.0,1.0890492705198436,0.6692308210409604
716,716,0.001045742484096151,1.0,1.088992884525886,0.6692308210409604
717,717,0.0010443654800138364,1.0,1.0889524404819195,0.6692308210409604
718,718,0.0010429684603318141,1.0,1.0889179110527039,0.6692308210409604
719,719,0.001041623412255341,1.0,1.0888654039456294,0.6692308210409604
720,720,0.0010402502834599896,1.0,1.08883031973472,0.6692308210409604
721,721,0.0010389013455446379,1.0,1.08878860106835,0.6692308210409604
722,722,0.0010375308864660417,1.0,1.08874223782466,0.6692308210409604
723,723,0.0010361896476332243,1.0,1.0886989052479084,0.6692308210409604
724,724,0.0010348369598012562,1.0,1.0886579660268931,0.6692308210409604
725,725,0.0010334833764668123,1.0,1.0886216117785528,0.6692308210409604
726,726,0.0010321613629527676,1.0,1.088568022617927,0.6692308210409604
727,727,0.0010308315048370366,1.0,1.088532269001007,0.6692308210409604
728,728,0.001029504385839503,1.0,1.0884879781649663,0.6692308210409604
729,729,0.0010281685603191503,1.0,1.08844950565925,0.6692308210409604
730,730,0.0010268390671206782,1.0,1.088406925018017,0.6692308210409604
731,731,0.00102551788978207,1.0,1.0883744634114778,0.6692308210409604
732,732,0.0010242068696802913,1.0,1.0883225523508513,0.6692308210409604
733,733,0.0010228867624671413,1.0,1.088269027379843,0.6692308210409604
734,734,0.001021571851407106,1.0,1.088235350755545,0.6692308210409604
735,735,0.0010202755533660261,1.0,1.0881933799156775,0.6692308210409604
736,736,0.0010189731356849035,1.0,1.0881479107416594,0.6692308210409604
737,737,0.001017672023198639,1.0,1.0881084341269274,0.6692308210409604
738,738,0.0010163722103103423,1.0,1.0880655141977162,0.6692308210409604
739,739,0.0010150814039381938,1.0,1.088028678527245,0.6692308210409604
740,740,0.0010137952407463812,1.0,1.0879848782832806,0.6692308210409604
741,741,0.0010125063496301523,1.0,1.0879426919496977,0.6692308210409604
742,742,0.0010112207864249984,1.0,1.087895861038795,0.6692308210409604
743,743,0.0010099305072799325,1.0,1.0878509466464703,0.6692308210409604
744,744,0.0010086720699641423,1.0,1.087813070187202,0.6692308210409604
745,745,0.0010073939013706807,1.0,1.087763332403623,0.6692308210409604
746,746,0.0010061250616742584,1.0,1.0877267443216765,0.6692308210409604
747,747,0.0010048507359057951,1.0,1.0876827148290782,0.6692308210409604
748,748,0.0010035949459191985,1.0,1.0876472500654368,0.6692308210409604
749,749,0.0010023344937228383,1.0,1.0875983513318574,0.6692308210409604
750,750,0.001001065038368464,1.0,1.0875520889575665,0.6692308210409604
751,751,0.0009998235943315264,1.0,1.0875100218332732,0.6692308210409604
752,752,0.0009985814506832797,1.0,1.0874779866291926,0.6692308210409604
753,753,0.000997335363466006,1.0,1.0874236501180208,0.6692308210409604
754,754,0.0009960860322910147,1.0,1.0873789328795214,0.6692308210409604
755,755,0.000994849704931347,1.0,1.0873297315377455,0.6692308210409604
756,756,0.0009936137525633408,1.0,1.0872888152415936,0.6692308210409604
757,757,0.0009923744252703798,1.0,1.087251672377953,0.6692308210409604
758,758,0.000991157089279463,1.0,1.0871992936501136,0.6692308210409604
759,759,0.0009899357716606644,1.0,1.08715381530615,0.6692308210409604
760,760,0.0009887160603494311,1.0,1.0871245035758386,0.6692308210409604
761,761,0.0009875059018108563,1.0,1.0870763384378874,0.6692308210409604
762,762,0.0009862952003739057,1.0,1.0870379576316247,0.6692308210409604
763,763,0.000985082507563325,1.0,1.0869900996868427,0.6692308210409604
764,764,0.0009838801186281042,1.0,1.0869585734147291,0.6692308210409604
765,765,0.0009826682687092286,1.0,1.0869004130363464,0.6692308210409604
766,766,0.0009814739706388747,1.0,1.0868715139535756,0.6692308210409604
767,767,0.0009802896596598797,1.0,1.0868290616915777,0.6692308210409604
768,768,0.0009790893426935116,1.0,1.0867910293432383,0.6692308210409604
769,769,0.0009779089260309075,1.0,1.0867482653030982,0.6692308210409604
770,770,0.0009767292000245876,1.0,1.0867041807908278,0.6692308210409604
771,771,0.0009755431349801186,1.0,1.0866625033892119,0.6692308210409604
772,772,0.0009743634089737987,1.0,1.0866284324572637,0.6692308210409604
773,773,0.0009731874888530001,1.0,1.0865845450988183,0.6692308210409604
774,774,0.0009720224166253152,1.0,1.0865521201720605,0.6692308210409604
775,775,0.0009708530638957969,1.0,1.0865005529843843,0.6692308210409604
776,776,0.000969686760352208,1.0,1.0864683068715608,0.6692308210409604
777,777,0.0009685236694237504,1.0,1.0864319847180293,0.6692308210409604
778,778,0.0009673714140752474,1.0,1.086399073784168,0.6692308210409604
779,779,0.0009662080813611213,1.0,1.0863586893448463,0.6692308210409604
780,780,0.0009650471194897994,1.0,1.0863141142404997,0.6692308210409604
781,781,0.0009638954674860892,1.0,1.0862681636443505,0.6692308210409604
782,782,0.0009627511429313857,1.0,1.0862300395965576,0.6692308210409604
783,783,0.0009616088813905102,1.0,1.0861838505818293,0.6692308210409604
784,784,0.0009604601263373087,1.0,1.0861557171894953,0.6692308210409604
785,785,0.0009593200722100356,1.0,1.0860993220255926,0.6692308210409604
786,786,0.0009581835273330888,1.0,1.0860714683165917,0.6692308210409604
787,787,0.0009570511028869078,1.0,1.086034935254317,0.6692308210409604
788,788,0.0009559289039596199,1.0,1.0859968937360323,0.6692308210409604
789,789,0.0009547895326529845,1.0,1.0859529009232154,0.6692308210409604
790,790,0.0009536636565686562,1.0,1.0859161523672252,0.6692308210409604
791,791,0.0009525418404686766,1.0,1.0858861941557665,0.6692308210409604
792,792,0.0009514264316889099,1.0,1.0858407158118029,0.6692308210409604
793,793,0.0009503185731143906,1.0,1.0858048842503474,0.6692308210409604
794,794,0.0009492029371008707,1.0,1.0857610702514648,0.6692308210409604
795,795,0.0009480999623729775,1.0,1.0857206766421978,0.6692308210409604
796,796,0.0009469880561272686,1.0,1.0856912777974055,0.6692308210409604
797,797,0.0009458793524222878,1.0,1.085638165473938,0.6692308210409604
798,798,0.0009447838607369564,1.0,1.0856016874313354,0.6692308210409604
799,799,0.0009436801987109133,1.0,1.0855626188791716,0.6692308210409604
800,800,0.0009425912688199717,1.0,1.085530670789572,0.6692308210409604
801,801,0.0009415084350621328,1.0,1.0854884523611803,0.6692308210409604
802,802,0.0009403996518813074,1.0,1.0854448171762319,0.6692308210409604
803,803,0.000939314692424467,1.0,1.0854046436456533,0.6692308210409604
804,804,0.000938234073915877,1.0,1.0853607608721807,0.6692308210409604
805,805,0.0009371394833299116,1.0,1.0853242094700153,0.6692308210409604
806,806,0.0009360682463291316,1.0,1.0852913994055529,0.6692308210409604
807,807,0.0009349970305965354,1.0,1.0852431654930115,0.6692308210409604
808,808,0.0009339102980447933,1.0,1.085205545792213,0.6692308210409604
809,809,0.000932840503922377,1.0,1.085165771154257,0.6692308210409604
810,810,0.0009317752320874626,1.0,1.085121397788708,0.6692308210409604
811,811,0.0009307103889743582,1.0,1.085080894140097,0.6692308210409604
812,812,0.0009296306133574734,1.0,1.085040807723999,0.6692308210409604
813,813,0.0009285833344060498,1.0,1.0849951551510737,0.6692308210409604
814,814,0.000927514008183677,1.0,1.0849717213557317,0.6692308210409604
815,815,0.0009264738350443972,1.0,1.0849235699726985,0.6692308210409604
816,816,0.0009254074807708653,1.0,1.0848801136016846,0.6692308210409604
817,817,0.0009243580671654155,1.0,1.0848380418924184,0.6692308210409604
818,818,0.0009233067472590706,1.0,1.0848095141924345,0.6692308210409604
819,819,0.0009222770347080838,1.0,1.084759758068965,0.6692308210409604
820,820,0.000921229445688928,1.0,1.0847230232678926,0.6692308210409604
821,821,0.0009201842263931981,1.0,1.0846871045919566,0.6692308210409604
822,822,0.0009191551026350891,1.0,1.0846510896315942,0.6692308210409604
823,823,0.000918112712007804,1.0,1.0846117734909058,0.6692308210409604
824,824,0.0009170884900063706,1.0,1.084575396317702,0.6692308210409604
825,825,0.0009160444035212725,1.0,1.0845316786032457,0.6692308210409604
826,826,0.0009150233851799455,1.0,1.0844957690972548,0.6692308210409604
827,827,0.0009140044164199096,1.0,1.084457049003014,0.6692308210409604
828,828,0.0009129836185960672,1.0,1.0844213091410124,0.6692308210409604
829,829,0.0009119664811385939,1.0,1.0843899250030518,0.6692308210409604
830,830,0.0009109514850514153,1.0,1.0843421541727507,0.6692308210409604
831,831,0.0009099317584724093,1.0,1.0843033836438105,0.6692308210409604
832,832,0.0009089201115644895,1.0,1.0842709495471075,0.6692308210409604
833,833,0.0009079191446429691,1.0,1.0842209641750042,0.6692308210409604
834,834,0.0009069098652197191,1.0,1.0842028306080744,0.6692308210409604
835,835,0.0009059202051363313,1.0,1.0841638904351454,0.6692308210409604
836,836,0.0009049022236677746,1.0,1.0841151246657739,0.6692308210409604
837,837,0.0009039186731500265,1.0,1.0840867115901067,0.6692308210409604
838,838,0.0009029241314587685,1.0,1.0840510405026949,0.6692308210409604
839,839,0.0009019278144338527,1.0,1.0840124121079078,0.6692308210409604
840,840,0.000900947232506811,1.0,1.0839776992797852,0.6692308210409604
841,841,0.0008999483330766312,1.0,1.083931143467243,0.6692308210409604
842,842,0.0008989675955560345,1.0,1.0838998097639818,0.6692308210409604
843,843,0.0008979853267262045,1.0,1.0838671051538908,0.6692308210409604
844,844,0.0008970122166479436,1.0,1.083825198503641,0.6692308210409604
845,845,0.0008960204879538371,1.0,1.0837870561159575,0.6692308210409604
846,846,0.000895060121995182,1.0,1.0837488036889296,0.6692308210409604
847,847,0.0008940844317504133,1.0,1.083716869354248,0.6692308210409604
848,848,0.0008931143798131066,1.0,1.0836823215851417,0.6692308210409604
849,849,0.0008921440122111773,1.0,1.0836356052985558,0.6692308210409604
850,850,0.0008911695197009697,1.0,1.0836071555431073,0.6692308210409604
851,851,0.0008902082369716552,1.0,1.0835665922898512,0.6692308210409604
852,852,0.0008892516198102385,1.0,1.0835317510824938,0.6692308210409604
853,853,0.0008882942269198024,1.0,1.0834945486142085,0.6692308210409604
854,854,0.0008873378414696512,1.0,1.0834563282819896,0.6692308210409604
855,855,0.0008863806780517244,1.0,1.0834183188585134,0.6692308210409604
856,856,0.0008854278522239139,1.0,1.0833938396894014,0.6692308210409604
857,857,0.0008844810799928382,1.0,1.083353762443249,0.6692308210409604
858,858,0.0008835263534610232,1.0,1.0833158722290626,0.6692308210409604
859,859,0.0008825846788777898,1.0,1.083277899485368,0.6692308210409604
860,860,0.000881646528096798,1.0,1.0832414351976836,0.6692308210409604
861,861,0.0008807081422464063,1.0,1.083213705282945,0.6692308210409604
862,862,0.0008797680739707386,1.0,1.0831748430545514,0.6692308210409604
863,863,0.0008788351786699003,1.0,1.0831343623308034,0.6692308210409604
864,864,0.0008779053336743695,1.0,1.0831022491821876,0.6692308210409604
865,865,0.0008769725950864645,1.0,1.0830612045068007,0.6692308210409604
866,866,0.0008760417661575887,1.0,1.083032516332773,0.6692308210409604
867,867,0.0008751142852885935,1.0,1.082993475290445,0.6692308210409604
868,868,0.0008741911655166545,1.0,1.0829652547836304,0.6692308210409604
869,869,0.0008732614626821417,1.0,1.0829262320811932,0.6692308210409604
870,870,0.0008723365810090819,1.0,1.0828913129293,0.6692308210409604
871,871,0.0008714250602329579,1.0,1.0828468065995436,0.6692308210409604
872,872,0.0008705077164519865,1.0,1.0828260137484624,0.6692308210409604
873,873,0.0008695890215816549,1.0,1.082784808599032,0.6692308210409604
874,874,0.0008686744426645768,1.0,1.0827560745752776,0.6692308210409604
875,875,0.0008677744346921548,1.0,1.0827260246643653,0.6692308210409604
876,876,0.0008668672571030373,1.0,1.0826827608622038,0.6692308210409604
877,877,0.0008659514502281896,1.0,1.0826505743540251,0.6692308210409604
878,878,0.0008650554854494447,1.0,1.0826064073122466,0.6692308210409604
879,879,0.0008641493041068316,1.0,1.0825773019057054,0.6692308210409604
880,880,0.0008632467752949407,1.0,1.0825472153150117,0.6692308210409604
881,881,0.0008623534835910854,1.0,1.0825183804218586,0.6692308210409604
882,882,0.0008614669865122638,1.0,1.082477798828712,0.6692308210409604
883,883,0.0008605621786465725,1.0,1.0824496975311866,0.6692308210409604
884,884,0.0008596768311690539,1.0,1.0824094598109906,0.6692308210409604
885,885,0.0008587865024590149,1.0,1.0823836005651033,0.6692308210409604
886,886,0.0008579087029479874,1.0,1.082339685696822,0.6692308210409604
887,887,0.0008570212163389302,1.0,1.0823053121566772,0.6692308210409604
888,888,0.0008561386919329659,1.0,1.0822708973517785,0.6692308210409604
889,889,0.0008552524153716289,1.0,1.0822430482277503,0.6692308210409604
890,890,0.0008543832384300634,1.0,1.0822080969810486,0.6692308210409604
891,891,0.0008534971924606138,1.0,1.0821729852603033,0.6692308210409604
892,892,0.0008526268021131938,1.0,1.0821483914668744,0.6692308210409604
893,893,0.000851751131659302,1.0,1.0821166634559631,0.6692308210409604
894,894,0.0008508838643767656,1.0,1.0820816296797533,0.6692308210409604
895,895,0.0008500178922146845,1.0,1.0820517723376935,0.6692308210409604
896,896,0.0008491485686345885,1.0,1.0820146386439984,0.6692308210409604
897,897,0.0008482893127410745,1.0,1.0819812233631427,0.6692308210409604
898,898,0.000847430444152381,1.0,1.081953410918896,0.6692308210409604
899,899,0.0008465611049009917,1.0,1.0819248419541578,0.6692308210409604
900,900,0.0008457081108085382,1.0,1.081889115847074,0.6692308210409604
901,901,0.0008448482403764501,1.0,1.0818583002457252,0.6692308210409604
902,902,0.0008440006629545958,1.0,1.0818260266230657,0.6692308210409604
903,903,0.0008431478972152735,1.0,1.0817875999670763,0.6692308210409604
904,904,0.0008422940479179558,1.0,1.0817615114725554,0.6692308210409604
905,905,0.0008414462432623482,1.0,1.0817273350862355,0.6692308210409604
906,906,0.0008405995042546868,1.0,1.0816973997996404,0.6692308210409604
907,907,0.0008397526812936681,1.0,1.081658083658952,0.6692308210409604
908,908,0.0008389031942127845,1.0,1.0816348470174348,0.6692308210409604
909,909,0.0008380768301251989,1.0,1.0816027797185457,0.6692308210409604
910,910,0.0008372322257715636,1.0,1.0815722667253935,0.6692308210409604
911,911,0.0008363991498929233,1.0,1.0815305893237774,0.6692308210409604
912,912,0.0008355640759243845,1.0,1.081511520422422,0.6692308210409604
913,913,0.0008347371084920059,1.0,1.0814756521811852,0.6692308210409604
914,914,0.0008338950932599031,1.0,1.0814464825850267,0.6692308210409604
915,915,0.0008330653027559703,1.0,1.0814063182243934,0.6692308210409604
916,916,0.000832244962041911,1.0,1.0813875244213984,0.6692308210409604
917,917,0.0008314218105694565,1.0,1.0813492995042067,0.6692308210409604
918,918,0.0008305903208495763,1.0,1.0813187452463002,0.6692308210409604
919,919,0.0008297797545450381,1.0,1.081288713675279,0.6692308210409604
920,920,0.0008289570508238215,1.0,1.0812492141356835,0.6692308210409604
921,921,0.0008281395398975852,1.0,1.0812198519706726,0.6692308210409604
922,922,0.0008273324078450409,1.0,1.081193405848283,0.6692308210409604
923,923,0.0008265084862404575,1.0,1.0811628194955678,0.6692308210409604
924,924,0.0008257060869184968,1.0,1.0811281158373907,0.6692308210409604
925,925,0.0008248868062554931,1.0,1.0811004501122694,0.6692308210409604
926,926,0.000824082046165131,1.0,1.0810619271718538,0.6692308210409604
927,927,0.0008232768909343017,1.0,1.08102796627925,0.6692308210409604
928,928,0.0008224715935424543,1.0,1.0810035833945641,0.6692308210409604
929,929,0.000821672172885603,1.0,1.0809693015538728,0.6692308210409604
930,930,0.0008208628905077393,1.0,1.080944877404433,0.6692308210409604
931,931,0.0008200675880428976,1.0,1.0809101737462556,0.6692308210409604
932,932,0.0008192712960478205,1.0,1.08086981681677,0.6692308210409604
933,933,0.000818460950260767,1.0,1.0808410965479338,0.6692308210409604
934,934,0.0008176710633471465,1.0,1.0808137655258179,0.6692308210409604
935,935,0.0008168791984924331,1.0,1.0807836239154522,0.6692308210409604
936,936,0.0008160763301510507,1.0,1.0807387691277723,0.6692308210409604
937,937,0.0008152885846077249,1.0,1.0807176736684947,0.6692308210409604
938,938,0.0008145068635573038,1.0,1.0806846160155077,0.6692308210409604
939,939,0.0008137162859873989,1.0,1.080653754564432,0.6692308210409604
940,940,0.0008129273169638159,1.0,1.080620261339041,0.6692308210409604
941,941,0.000812144900779598,1.0,1.0805856127005358,0.6692308210409604
942,942,0.0008113698254769238,1.0,1.0805505926792438,0.6692308210409604
943,943,0.000810589625661333,1.0,1.0805291671019335,0.6692308210409604
944,944,0.0008098167633691516,1.0,1.0804999791658843,0.6692308210409604
945,945,0.0008090304562266773,1.0,1.0804647023861225,0.6692308210409604
946,946,0.0008082569737990315,1.0,1.080437802351438,0.6692308210409604
947,947,0.000807482582436373,1.0,1.0804067850112915,0.6692308210409604
948,948,0.0008067163546981576,1.0,1.0803712606430054,0.6692308210409604
949,949,0.0008059445513376537,1.0,1.0803382763495812,0.6692308210409604
950,950,0.0008051814589774809,1.0,1.08031722674003,0.6692308210409604
951,951,0.0008044186542974785,1.0,1.080279290676117,0.6692308210409604
952,952,0.0008036585461993057,1.0,1.0802448254365187,0.6692308210409604
953,953,0.0008028921617481571,1.0,1.0802191541745112,0.6692308210409604
954,954,0.0008021260806484721,1.0,1.080191447184636,0.6692308210409604
955,955,0.0008013676381849039,1.0,1.0801536028201764,0.6692308210409604
956,956,0.0008006148396256882,1.0,1.0801270604133606,0.6692308210409604
957,957,0.0007998554009156158,1.0,1.0800964052860553,0.6692308210409604
958,958,0.0007991081040997345,1.0,1.0800665020942688,0.6692308210409604
959,959,0.000798344232652408,1.0,1.0800368694158702,0.6692308210409604
960,960,0.0007975936560587098,1.0,1.080004334449768,0.6692308210409604
961,961,0.000796846495806956,1.0,1.0799713684962347,0.6692308210409604
962,962,0.0007960959919728339,1.0,1.0799441108336816,0.6692308210409604
963,963,0.0007953421244075379,1.0,1.079919159412384,0.6692308210409604
964,964,0.0007946092451815135,1.0,1.0798862759883587,0.6692308210409604
965,965,0.0007938630184910905,1.0,1.0798537639471202,0.6692308210409604
966,966,0.0007931241125334054,1.0,1.0798111787209144,0.6692308210409604
967,967,0.0007923856610432267,1.0,1.079795355980213,0.6692308210409604
968,968,0.0007916356071990987,1.0,1.0797618948496306,0.6692308210409604
969,969,0.0007909134191532547,1.0,1.0797344400332525,0.6692308210409604
970,970,0.0007901733703105352,1.0,1.079697819856497,0.6692308210409604
971,971,0.0007894404138474223,1.0,1.0796625935114348,0.6692308210409604
972,972,0.0007887062372621865,1.0,1.0796400308609009,0.6692308210409604
973,973,0.0007879815306156301,1.0,1.0796073354207552,0.6692308210409604
974,974,0.0007872473495528818,1.0,1.0795806738046498,0.6692308210409604
975,975,0.0007865164516260847,1.0,1.0795529989095836,0.6692308210409604
976,976,0.000785788685719196,1.0,1.079510367833651,0.6692308210409604
977,977,0.0007850625977600709,1.0,1.0794852330134466,0.6692308210409604
978,978,0.0007843468159150619,1.0,1.079451785637782,0.6692308210409604
979,979,0.0007836234088664731,1.0,1.0794263252845178,0.6692308210409604
980,980,0.0007829082415600379,1.0,1.0793976416954627,0.6692308210409604
981,981,0.0007821821536009128,1.0,1.0793621081572313,0.6692308210409604
982,982,0.0007814729290727812,1.0,1.0793355474105248,0.6692308210409604
983,983,0.0007807583024259657,1.0,1.0792922148337731,0.6692308210409604
984,984,0.0007800384751485231,1.0,1.0792733476712153,0.6692308210409604
985,985,0.0007793362747179344,1.0,1.079247378385984,0.6692308210409604
986,986,0.0007786212574081639,1.0,1.0792121978906484,0.6692308210409604
987,987,0.0007779189775017305,1.0,1.079188007574815,0.6692308210409604
988,988,0.0007772049586772203,1.0,1.0791602684901311,0.6692308210409604
989,989,0.0007765010019424013,1.0,1.079120131639334,0.6692308210409604
990,990,0.0007757902628957079,1.0,1.0790971563412592,0.6692308210409604
991,991,0.0007750893553468183,1.0,1.0790723608090327,0.6692308210409604
992,992,0.0007743906742409588,1.0,1.0790351033210754,0.6692308210409604
993,993,0.0007736864130352982,1.0,1.0790118941893945,0.6692308210409604
994,994,0.000772981695123375,1.0,1.0789759021538954,0.6692308210409604
995,995,0.0007722932417751648,1.0,1.078946407024677,0.6692308210409604
996,996,0.0007715863791348126,1.0,1.0789189017735994,0.6692308210409604
997,997,0.0007708966284273908,1.0,1.0788883108359117,0.6692308210409604
998,998,0.0007702021393924952,1.0,1.0788589028211741,0.6692308210409604
999,999,0.0007695094066618297,1.0,1.078828527377202,0.6692308210409604
