,epoch,train_err,train_acc,valid_err,valid_acc
0,0,5.075505650960482,0.033974361032820664,4.475323346944956,0.058974362909793854
1,1,4.394568865115826,0.060256414401989714,4.032016662450937,0.10256410934604131
2,2,3.66873116676624,0.1262820611636226,3.6201806435218225,0.1384615502678431
3,3,3.1255834240179796,0.18076924456713292,3.010486419384296,0.2128205310839873
4,4,2.577571850556594,0.27115386667159885,2.844576890651996,0.25641027436806607
5,5,2.215042721766692,0.3679487453057216,2.6146340370178223,0.2512820683992826
6,6,1.95689457654953,0.4314102903008461,2.349516740212074,0.37179490006886995
7,7,1.6820588547449846,0.5025641396641731,2.1314270129570594,0.384615414417707
8,8,1.4153479715952506,0.587179531271641,2.0228364284221945,0.44871797928443324
9,9,1.1623042615560384,0.6647436429674809,1.9306648511153002,0.4410256858055408
10,10,0.8562732109656701,0.7717949289541978,1.768776508478018,0.5025641459685105
11,11,0.6189467110312902,0.869871851343375,1.746757094676678,0.528205176958671
12,12,0.3578443916944357,0.9660256688411419,1.7029459247222314,0.5333333817812113
13,13,0.2049922155073056,0.9955128247921283,1.6858519453268785,0.5435897914262918
14,14,0.1376337821667011,1.0,1.6602823917682354,0.5307692724924821
15,15,0.10508866636798932,1.0,1.6506041013277495,0.5333333680262933
16,16,0.08610313930190526,1.0,1.6461608364031866,0.5358974796075088
17,17,0.07388186712677662,1.0,1.6402740249266992,0.5358974773150224
18,18,0.064892368319516,1.0,1.6407256309802716,0.5384615728488336
19,19,0.05822882772638248,1.0,1.6386141318541307,0.5307692679075094
20,20,0.052840799594727844,1.0,1.6371204211161687,0.5333333726112659
21,21,0.04857750709813375,1.0,1.6338732609382043,0.5333333726112659
22,22,0.04511905647814274,1.0,1.6323509995753949,0.5282051700812119
23,23,0.042138437203203254,1.0,1.6307557683724623,0.5256410676699418
24,24,0.039595481796333425,1.0,1.628562189065493,0.5307692679075094
25,25,0.0374069012558231,1.0,1.6288461180833669,0.5358974773150224
26,26,0.035478228524040714,1.0,1.6269261653606708,0.5384615774338062
27,27,0.033839955245359585,1.0,1.6248475359036372,0.54102567755259
28,28,0.03239225349030816,1.0,1.6233362372104938,0.5487179870788867
29,29,0.030979036819189787,1.0,1.6213038792976966,0.5512820917826432
30,30,0.029704843683598135,1.0,1.6205665881817157,0.553846191901427
31,31,0.028543136154229824,1.0,1.619737615952125,0.5538461964863998
32,32,0.027474021288351372,1.0,1.618208137842325,0.55897440130894
33,33,0.026518516672345307,1.0,1.6165160124118512,0.5564102966051835
34,34,0.025582080348753013,1.0,1.6147706279387841,0.5564102966051835
35,35,0.02473483943881897,1.0,1.613250168470236,0.553846191901427
36,36,0.023920682903665762,1.0,1.6120842511837299,0.553846191901427
37,37,0.02316178732479994,1.0,1.611111310812143,0.5512820917826432
38,38,0.022476380583471976,1.0,1.6097277036079993,0.5512820917826432
39,39,0.021839453659665126,1.0,1.6084174192868745,0.5512820917826432
40,40,0.02122565724242192,1.0,1.6073784828186035,0.5487179870788867
41,41,0.020641405278673537,1.0,1.6068503627410302,0.5512820894901569
42,42,0.02010062662884593,1.0,1.6051707313610957,0.5512820917826432
43,43,0.0195926007313224,1.0,1.6039284834494958,0.5538461941939133
44,44,0.019109514112082813,1.0,1.6030575862297645,0.5564102988976699
45,45,0.018658325971605685,1.0,1.6023331605471098,0.5589744036014264
46,46,0.01821520605769295,1.0,1.601359147291917,0.5589744036014264
47,47,0.017781230728500165,1.0,1.6003134113091688,0.5589744036014264
48,48,0.01737673066628094,1.0,1.599655426465548,0.5589744036014264
49,49,0.01698426237831322,1.0,1.5988833629167998,0.5615385083051828
50,50,0.016618702757673767,1.0,1.5980289165790265,0.5589744036014264
51,51,0.016267847502604127,1.0,1.5970346469145555,0.5615385083051828
52,52,0.015929011610121682,1.0,1.595935555604788,0.5589744036014264
53,53,0.01560755163574448,1.0,1.5947694778442383,0.5589744036014264
54,54,0.01527472178881558,1.0,1.5939194422501783,0.5589744036014264
55,55,0.014957685417567309,1.0,1.5930270781883826,0.5564103034826425
56,56,0.014667700295551466,1.0,1.5922703009385328,0.5564103034826425
57,57,0.014379814374618806,1.0,1.5915222397217383,0.5564103034826425
58,58,0.014100365627270479,1.0,1.5906203068219698,0.5564103034826425
59,59,0.013830868509383155,1.0,1.5894193190794725,0.5564103034826425
60,60,0.01358063450942819,1.0,1.588709858747629,0.5589744127713717
61,61,0.013324491715488525,1.0,1.5877162034694965,0.5589744127713717
62,62,0.013082349189342214,1.0,1.5869675966409535,0.5589744127713717
63,63,0.012847691380347196,1.0,1.5862180865727937,0.5589744127713717
64,64,0.012618111088298835,1.0,1.5854881818477924,0.5589744127713717
65,65,0.012397590433605589,1.0,1.5848189408962543,0.5641026153014257
66,66,0.012190291908784555,1.0,1.5842907291192274,0.5641026153014257
67,67,0.011987894003351148,1.0,1.5836445643351629,0.5641026153014257
68,68,0.011790586778750787,1.0,1.5828161652271564,0.5641026153014257
69,69,0.011596671466787275,1.0,1.5820506581893334,0.5641026153014257
70,70,0.011410699136411915,1.0,1.5812549866162813,0.5641026153014257
71,71,0.011230613015448818,1.0,1.5806712370652418,0.5641026153014257
72,72,0.011057090282870026,1.0,1.5801205268272986,0.5641026153014257
73,73,0.010891289450228214,1.0,1.5793479864413922,0.5615385128901556
74,74,0.010724503278302459,1.0,1.5786693462958703,0.5615385128901556
75,75,0.010571248453253737,1.0,1.57802965090825,0.5615385128901556
76,76,0.010415570864167351,1.0,1.5772924698316133,0.5615385128901556
77,77,0.01026212701645608,1.0,1.576797535786262,0.5615385128901556
78,78,0.010112769167440442,1.0,1.5762019936855023,0.5615385128901556
79,79,0.009970326603461917,1.0,1.5755542379159193,0.5615385128901556
80,80,0.00983371207705484,1.0,1.5748470746553862,0.5615385128901556
81,81,0.00969542613109717,1.0,1.5741039973038893,0.5615385128901556
82,82,0.009559293940233497,1.0,1.5734999179840088,0.5615385128901556
83,83,0.00943182642535808,1.0,1.572887842471783,0.5615385128901556
84,84,0.009303928648408216,1.0,1.572385425751026,0.5615385128901556
85,85,0.009179805978559531,1.0,1.5718621290647066,0.5615385128901556
86,86,0.009058906911657406,1.0,1.57118925681481,0.5615385128901556
87,87,0.008942858539879896,1.0,1.5707013469475966,0.5615385128901556
88,88,0.008829022551743457,1.0,1.570033568602342,0.5615385128901556
89,89,0.008716247232559208,1.0,1.5694178617917574,0.5615385128901556
90,90,0.008605538670403453,1.0,1.5687120327582726,0.5615385128901556
91,91,0.008496644485813495,1.0,1.5680806911908662,0.5615385128901556
92,92,0.008393339356049322,1.0,1.5673734133060162,0.5615385128901556
93,93,0.008292487186666291,1.0,1.5667280050424428,0.564102617593912
94,94,0.00819282118195238,1.0,1.566214029605572,0.564102617593912
95,95,0.00809567652714367,1.0,1.565662030990307,0.564102617593912
96,96,0.008001601583181093,1.0,1.5651556666080768,0.564102617593912
97,97,0.007908456072282907,1.0,1.5647477094943707,0.564102617593912
98,98,0.007816711485457536,1.0,1.5642789418880756,0.564102617593912
99,99,0.007729231344106106,1.0,1.5638139614692101,0.564102617593912
100,100,0.007643802915341579,1.0,1.5634311116658723,0.564102617593912
101,101,0.0075593202177865,1.0,1.5630086247737591,0.564102617593912
102,102,0.007476664963178337,1.0,1.5625550013322096,0.564102617593912
103,103,0.007395208831160114,1.0,1.5620328417191138,0.564102617593912
104,104,0.0073155518710756534,1.0,1.5615381369223962,0.564102617593912
105,105,0.0072390640226121135,1.0,1.5610111126532922,0.564102617593912
106,106,0.0071630270686000586,1.0,1.5605304791377141,0.564102617593912
107,107,0.007088558058827543,1.0,1.560011808688824,0.564102617593912
108,108,0.0070156312744634654,1.0,1.5595593865101154,0.564102617593912
109,109,0.006943710927421657,1.0,1.5591721259630644,0.564102617593912
110,110,0.006874432769389107,1.0,1.558665197629195,0.564102617593912
111,111,0.006806768154582152,1.0,1.558211693396935,0.564102617593912
112,112,0.006740195811009751,1.0,1.5577649703392615,0.564102617593912
113,113,0.006677101070706088,1.0,1.5573112872930674,0.564102617593912
114,114,0.006612657309653094,1.0,1.5568556968982403,0.564102617593912
115,115,0.006548206903971732,1.0,1.5564718750806956,0.5666667177126958
116,116,0.006485783324863475,1.0,1.5560982960921068,0.5666667177126958
117,117,0.006424890750517638,1.0,1.5558298826217651,0.5666667177126958
118,118,0.006365003198600159,1.0,1.5554647216430078,0.5666667177126958
119,119,0.006306395265990152,1.0,1.5550773327167218,0.5666667177126958
120,120,0.006248484105946353,1.0,1.554671897337987,0.5666667177126958
121,121,0.006192725017451896,1.0,1.554294343178089,0.5666667177126958
122,122,0.006138062964265163,1.0,1.5539042491179247,0.5666667177126958
123,123,0.006083453548713946,1.0,1.5535324995334332,0.5666667177126958
124,124,0.0060301525249647405,1.0,1.5531178254347582,0.5666667177126958
125,125,0.005977613636507438,1.0,1.552727841413938,0.5666667177126958
126,126,0.0059262111496466855,1.0,1.5524650995547955,0.5666667177126958
127,127,0.005875234321977656,1.0,1.5521238216987023,0.5666667177126958
128,128,0.005825029292072241,1.0,1.5517497246082013,0.5666667177126958
129,129,0.005776155605697288,1.0,1.5514184328225942,0.5666667177126958
130,130,0.005727443817214897,1.0,1.5510542346880987,0.5666667177126958
131,131,0.005680111156275066,1.0,1.550632669375493,0.5666667177126958
132,132,0.005633428012235806,1.0,1.550327860392057,0.5666667177126958
133,133,0.005588304242477394,1.0,1.549962538939256,0.5666667177126958
134,134,0.005542782932304992,1.0,1.5497112916066096,0.5666667177126958
135,135,0.005498554450101578,1.0,1.5493815632966847,0.5666667177126958
136,136,0.005455298904472819,1.0,1.549052779491131,0.5666667177126958
137,137,0.005412498533797379,1.0,1.5487686028847327,0.5666667177126958
138,138,0.0053700304572255565,1.0,1.5484786767226,0.5666667177126958
139,139,0.005328021110751881,1.0,1.54822223003094,0.5666667177126958
140,140,0.005287605069147853,1.0,1.5478976964950562,0.5666667177126958
141,141,0.005247750113574931,1.0,1.5476764623935406,0.5666667177126958
142,142,0.005208027647593274,1.0,1.5473808783751268,0.5666667177126958
143,143,0.005168894896856868,1.0,1.5471223180110638,0.5666667177126958
144,144,0.005130360968625889,1.0,1.5469168791404138,0.5666667177126958
145,145,0.005092582701203914,1.0,1.5466323173963106,0.5666667177126958
146,146,0.005055468269767096,1.0,1.546343968464778,0.5666667177126958
147,147,0.005018461280717299,1.0,1.5460795714304998,0.5666667177126958
148,148,0.004982101945922925,1.0,1.5458456828044012,0.5666667177126958
149,149,0.004946604021824896,1.0,1.5455756737635686,0.5666667177126958
150,150,0.004911382208005167,1.0,1.5452925929656396,0.5666667177126958
151,151,0.0048768423237981135,1.0,1.5449803517414973,0.5666667177126958
152,152,0.00484265682574075,1.0,1.544737430719229,0.5666667177126958
153,153,0.004809276048595516,1.0,1.5444448177631085,0.5666667177126958
154,154,0.004776132893032179,1.0,1.5442128089758067,0.5666667177126958
155,155,0.004743770615627559,1.0,1.5439128096287067,0.5666667177126958
156,156,0.004711651637290533,1.0,1.5436162765209491,0.5666667177126958
157,157,0.004680258374159725,1.0,1.5433538189301124,0.5666667177126958
158,158,0.004649082153963928,1.0,1.5430754056343665,0.5666667177126958
159,159,0.004618144383689819,1.0,1.542845368385315,0.5666667177126958
160,160,0.004588028487677758,1.0,1.542576482662788,0.5666667177126958
161,161,0.004557695871111578,1.0,1.542366935656621,0.5666667177126958
162,162,0.004527904487286623,1.0,1.5421341841037457,0.5666667177126958
163,163,0.004498586260104695,1.0,1.5419178375831017,0.5666667177126958
164,164,0.004469373505204343,1.0,1.5416994324097266,0.5666667177126958
165,165,0.004440908105327533,1.0,1.5415521951822133,0.5666667177126958
166,166,0.004412541716681937,1.0,1.541291823753944,0.5666667177126958
167,167,0.0043847675954636475,1.0,1.5410831387226398,0.5666667177126958
168,168,0.004357296637653445,1.0,1.5408840500391447,0.5666667177126958
169,169,0.004330584412225737,1.0,1.5406653055777917,0.5666667177126958
170,170,0.004303666668979881,1.0,1.540437047298138,0.5666667177126958
171,171,0.004277191192019158,1.0,1.5401996832627516,0.5666667177126958
172,172,0.004251052988155817,1.0,1.539975487268888,0.5666667177126958
173,173,0.004225188552831801,1.0,1.5397458718373225,0.5666667177126958
174,174,0.004199766813634107,1.0,1.5395559668540955,0.5666667177126958
175,175,0.004174898351685932,1.0,1.5393074659200816,0.5666667177126958
176,176,0.004149919662338037,1.0,1.539117959829477,0.5666667177126958
177,177,0.004125643736467912,1.0,1.5389414200415978,0.5666667177126958
178,178,0.0041013761432483215,1.0,1.5387589564690223,0.5641026130089393
179,179,0.004077588870691566,1.0,1.538572962467487,0.5641026130089393
180,180,0.004054120105977815,1.0,1.5383780323542082,0.5641026130089393
181,181,0.004030924433699021,1.0,1.5382039363567646,0.5641026130089393
182,182,0.004007775632019799,1.0,1.5379777275598967,0.5641026130089393
183,183,0.0039849135926208245,1.0,1.537811109652886,0.5641026130089393
184,184,0.003962681078029653,1.0,1.5375890731811523,0.5641026130089393
185,185,0.003940438909921795,1.0,1.5373954131053045,0.5641026130089393
186,186,0.003918153095023276,1.0,1.537200464652135,0.5641026130089393
187,187,0.0038961946400097357,1.0,1.5369719312741206,0.5641026130089393
188,188,0.003875013552785206,1.0,1.5367820950654836,0.5641026130089393
189,189,0.0038536454174810876,1.0,1.5365791091552148,0.5641026130089393
190,190,0.003832741452452655,1.0,1.5364031608288105,0.5641026130089393
191,191,0.003811955344505035,1.0,1.536195456981659,0.5641026130089393
192,192,0.0037914981322291377,1.0,1.5359820402585542,0.5641026130089393
193,193,0.003771396237425506,1.0,1.5357995583460882,0.5641026130089393
194,194,0.00375148914127539,1.0,1.5356335181456346,0.5641026130089393
195,195,0.0037316643641903424,1.0,1.5354632093356206,0.5641026130089393
196,196,0.003712271774510065,1.0,1.5352714428534875,0.5641026130089393
197,197,0.0036930914681691388,1.0,1.5350715747246375,0.5666667177126958
198,198,0.003674099521818929,1.0,1.5348914128083448,0.5666667177126958
199,199,0.003655441459089231,1.0,1.5346974592942457,0.5666667177126958
200,200,0.0036366550529447314,1.0,1.5345079348637507,0.5666667177126958
201,201,0.0036181074996980336,1.0,1.5343204278212328,0.5666667177126958
202,202,0.0035997967889460805,1.0,1.5341475926912749,0.5666667177126958
203,203,0.0035817768612804893,1.0,1.5339495539665222,0.5666667177126958
204,204,0.0035640346557976534,1.0,1.5337731838226318,0.5666667177126958
205,205,0.003546122434692314,1.0,1.533570972772745,0.5666667177126958
206,206,0.003528661394599252,1.0,1.5333771659777715,0.5666667177126958
207,207,0.003511299625433122,1.0,1.5331990076945379,0.5666667177126958
208,208,0.00349417756884717,1.0,1.5329640278449426,0.5666667177126958
209,209,0.003477262462883328,1.0,1.5327877127207243,0.5666667177126958
210,210,0.003460368732563578,1.0,1.5326220163932214,0.5666667177126958
211,211,0.003443803584489685,1.0,1.5324058899512658,0.5666667177126958
212,212,0.0034273613083104673,1.0,1.5322424998650184,0.5666667177126958
213,213,0.003411149825506772,1.0,1.5320882522142851,0.5692308178314796
214,214,0.0033948939392128242,1.0,1.5319124827018151,0.5692308178314796
215,215,0.0033789161467351592,1.0,1.531751247552725,0.5692308178314796
216,216,0.003363044457868315,1.0,1.5316011768120985,0.5692308178314796
217,217,0.0033474079503391227,1.0,1.531444026873662,0.5692308178314796
218,218,0.003331978245674131,1.0,1.5312348650051997,0.5692308178314796
219,219,0.003316658566920803,1.0,1.5311074761243968,0.5692308178314796
220,220,0.003301526012364775,1.0,1.5309340036832368,0.5692308178314796
221,221,0.003286569916571562,1.0,1.5307443646284251,0.5692308178314796
222,222,0.0032715950823890474,1.0,1.5305905250402598,0.5692308178314796
223,223,0.0032568680964267026,1.0,1.530387085217696,0.5692308178314796
224,224,0.003242192924237595,1.0,1.5302243141027598,0.5692308178314796
225,225,0.0032278005248652054,1.0,1.530060813977168,0.5692308178314796
226,226,0.0032135303302381476,1.0,1.529903911627256,0.5692308178314796
227,227,0.0031992993586195204,1.0,1.5297167347027705,0.5692308178314796
228,228,0.0031852493232760867,1.0,1.5295941279484675,0.5692308178314796
229,229,0.0031713952193968,1.0,1.529449307001554,0.5692308178314796
230,230,0.0031575894144435343,1.0,1.5292852796041048,0.5692308178314796
231,231,0.00314403586806013,1.0,1.529153823852539,0.5692308178314796
232,232,0.0031303305563946757,1.0,1.5289773711791406,0.5692308178314796
233,233,0.003116983517359656,1.0,1.5288134446510901,0.5692308178314796
234,234,0.0031035634680078006,1.0,1.5286636352539062,0.5692308178314796
235,235,0.0030905310592900673,1.0,1.5285163384217482,0.5692308178314796
236,236,0.0030773984304127786,1.0,1.5283516278633704,0.5692308178314796
237,237,0.0030645047395060267,1.0,1.5282065501579871,0.5692308178314796
238,238,0.003051688581203612,1.0,1.5280713484837458,0.5692308178314796
239,239,0.003038998397711951,1.0,1.5279141068458557,0.5692308178314796
240,240,0.0030264365442025545,1.0,1.5277892993046687,0.5692308178314796
241,241,0.003013928456661793,1.0,1.527617376584273,0.5692308178314796
242,242,0.0030015387455932796,1.0,1.5274986853966346,0.5692308178314796
243,243,0.0029894231075349334,1.0,1.5273420031254108,0.5692308178314796
244,244,0.0029771843378861938,1.0,1.5272079293544476,0.5692308178314796
245,245,0.0029652088996954262,1.0,1.527077500636761,0.5692308178314796
246,246,0.0029532563729354967,1.0,1.5269447473379283,0.5692308178314796
247,247,0.002941290588261416,1.0,1.526797170822437,0.5692308178314796
248,248,0.002929515241143795,1.0,1.5266573337408214,0.5692308178314796
249,249,0.0029178190206249175,1.0,1.5265429753523607,0.5692308178314796
250,250,0.0029063102690717922,1.0,1.5264006761404185,0.5692308178314796
251,251,0.0028948333436766495,1.0,1.5262795961820161,0.5692308178314796
252,252,0.002883313214764572,1.0,1.5261328357916613,0.5692308178314796
253,253,0.002872097359683651,1.0,1.5260103115668664,0.5692308178314796
254,254,0.002860982172513524,1.0,1.5258947335756743,0.5692308178314796
255,255,0.002849848945446026,1.0,1.5257700452437768,0.5692308178314796
256,256,0.002838852748167343,1.0,1.5256483279741728,0.5692308178314796
257,257,0.0028280008969327006,1.0,1.5255047037051275,0.5692308178314796
258,258,0.0028171535276879487,1.0,1.5253970072819636,0.5692308178314796
259,259,0.0028064394450316634,1.0,1.525272080531487,0.5692308178314796
260,260,0.0027957242340422594,1.0,1.52513410953375,0.5692308178314796
261,261,0.0027851918085406604,1.0,1.5250120071264415,0.5692308178314796
262,262,0.0027746399864554405,1.0,1.5249132284751306,0.5692308178314796
263,263,0.0027642825645251344,1.0,1.5248098419262812,0.5692308178314796
264,264,0.0027539687669979264,1.0,1.5246958961853614,0.5692308178314796
265,265,0.002743757728379793,1.0,1.5245822301277747,0.5692308178314796
266,266,0.002733653411269188,1.0,1.52447286935953,0.5692308178314796
267,267,0.0027235417062631594,1.0,1.524343958267799,0.5692308178314796
268,268,0.002713575623392199,1.0,1.5242451475216792,0.5692308178314796
269,269,0.0027036263535802183,1.0,1.5241412428709178,0.5692308178314796
270,270,0.002693858700625312,1.0,1.5240250413234417,0.5692308178314796
271,271,0.0026840605065584756,1.0,1.5239209945385273,0.5692308178314796
272,272,0.002674414194189012,1.0,1.5238173374762902,0.5692308178314796
273,273,0.0026648940805059215,1.0,1.5237016861255352,0.5692308178314796
274,274,0.0026553868799685286,1.0,1.5235802439542918,0.5692308178314796
275,275,0.00264601975840588,1.0,1.5234902180158174,0.5692308178314796
276,276,0.0026365555464648283,1.0,1.5233690280180712,0.5692308178314796
277,277,0.0026272292195174555,1.0,1.5232852880771344,0.5692308178314796
278,278,0.0026180430610950748,1.0,1.5231681787050688,0.5692308178314796
279,279,0.0026088049366640356,1.0,1.523061018723708,0.5692308178314796
280,280,0.002599828415371191,1.0,1.5229416352051954,0.5692308178314796
281,281,0.0025908015354966316,1.0,1.5228410225648146,0.5692308178314796
282,282,0.0025818732862647334,1.0,1.522725224494934,0.5692308178314796
283,283,0.002572873365492202,1.0,1.5226261890851533,0.5692308178314796
284,284,0.0025641056440340784,1.0,1.5225133437376757,0.5692308178314796
285,285,0.0025552990935886134,1.0,1.5224002462167006,0.5692308178314796
286,286,0.0025466257177938064,1.0,1.5222895191265986,0.5692308178314796
287,287,0.0025378587485577623,1.0,1.5221914603159978,0.5692308178314796
288,288,0.002529344078189192,1.0,1.5220522559606111,0.5692308178314796
289,289,0.0025207521080469284,1.0,1.5219645821131194,0.5692308178314796
290,290,0.0025123271849364615,1.0,1.5218392885648286,0.5692308178314796
291,291,0.002503875902710626,1.0,1.5217425364714403,0.5692308178314796
292,292,0.0024955981285669482,1.0,1.5216326759411738,0.5692308178314796
293,293,0.002487334297396816,1.0,1.5215467581382165,0.5692308178314796
294,294,0.0024792196076864805,1.0,1.5214492816191454,0.5692308178314796
295,295,0.0024710508385816445,1.0,1.5213423600563636,0.5692308178314796
296,296,0.002462978443453232,1.0,1.5212241869706373,0.5692308178314796
297,297,0.0024549250777524253,1.0,1.5211254679239714,0.5666667131277231
298,298,0.002447012404445559,1.0,1.521021544933319,0.5666667131277231
299,299,0.0024390813688604305,1.0,1.5209311888768122,0.5666667131277231
300,300,0.0024313634942070795,1.0,1.52084658237604,0.5666667131277231
301,301,0.0024235233610782484,1.0,1.5207006472807665,0.5666667131277231
302,302,0.0024158214756215993,1.0,1.520627581156217,0.5666667131277231
303,303,0.002408125773609544,1.0,1.5205305768893316,0.5666667131277231
304,304,0.002400538252774053,1.0,1.5204256268648,0.5666667131277231
305,305,0.0023930126380246994,1.0,1.5203154591413646,0.5666667131277231
306,306,0.0023854827427735124,1.0,1.5202052501531749,0.5666667131277231
307,307,0.0023780323144120094,1.0,1.520112862953773,0.5666667131277231
308,308,0.0023706151584449867,1.0,1.5200018561803377,0.5666667131277231
309,309,0.0023632994360433747,1.0,1.5198918626858637,0.5666667131277231
310,310,0.0023559170121398684,1.0,1.5198011490014882,0.5666667131277231
311,311,0.002348586193805274,1.0,1.519680802638714,0.5666667131277231
312,312,0.0023413900120291286,1.0,1.5195830326813917,0.5666667131277231
313,313,0.002334232780133159,1.0,1.5194778167284453,0.5666667131277231
314,314,0.0023271015961654484,1.0,1.5193798633722158,0.5666667131277231
315,315,0.00231996629288635,1.0,1.5192696406291082,0.5666667131277231
316,316,0.0023129268889673627,1.0,1.5191682347884545,0.5666667131277231
317,317,0.0023059846157243904,1.0,1.5190805105062632,0.5666667131277231
318,318,0.0022989945584693207,1.0,1.5189785132041345,0.5666667131277231
319,319,0.0022920463771487656,1.0,1.5188729212834284,0.5666667131277231
320,320,0.002285233367449389,1.0,1.5187912995998676,0.5666667131277231
321,321,0.0022784057677759286,1.0,1.5186904485409076,0.5666667131277231
322,322,0.0022716549216196514,1.0,1.5185829584415143,0.5666667131277231
323,323,0.002264985378133133,1.0,1.5184914102921119,0.5666667131277231
324,324,0.0022582736094661346,1.0,1.5183860246951764,0.5666667131277231
325,325,0.002251638549541195,1.0,1.5182843620960529,0.5666667131277231
326,326,0.0022450531900036507,1.0,1.5181814157045805,0.5666667131277231
327,327,0.0022385240792153547,1.0,1.5180674149439886,0.5666667131277231
328,328,0.002231966516074653,1.0,1.5179759080593402,0.5666667131277231
329,329,0.002225507028365078,1.0,1.5178397802206187,0.5666667131277231
330,330,0.0022191137496310356,1.0,1.517742592554826,0.5666667131277231
331,331,0.0022126941677505295,1.0,1.517643662599417,0.5666667131277231
332,332,0.0022063539161955793,1.0,1.5175418395262499,0.5666667131277231
333,333,0.002200031046343681,1.0,1.5174541106590858,0.5666667131277231
334,334,0.0021937609551689373,1.0,1.5173543003889232,0.5666667131277231
335,335,0.002187512532915347,1.0,1.517260294694167,0.5666667131277231
336,336,0.0021813309845478777,1.0,1.5171764997335582,0.5666667131277231
337,337,0.002175187602495918,1.0,1.517078922345088,0.5666667131277231
338,338,0.0021690064436720256,1.0,1.5169658660888672,0.5666667131277231
339,339,0.0021629803634893438,1.0,1.5168728599181542,0.5666667131277231
340,340,0.0021569816118034604,1.0,1.5167772815777705,0.5666667131277231
341,341,0.002150866832100571,1.0,1.5166759215868437,0.5666667131277231
342,342,0.002144923621716981,1.0,1.516579848069411,0.5666667131277231
343,343,0.0021389813023583535,1.0,1.5164865713853102,0.5666667131277231
344,344,0.002133081895478356,1.0,1.5163835470493023,0.5666667131277231
345,345,0.0021272419096651273,1.0,1.5162960566007173,0.5666667131277231
346,346,0.00212138093327387,1.0,1.5162141368939326,0.5666667131277231
347,347,0.002115574255675221,1.0,1.5161033181043773,0.5666667131277231
348,348,0.002109805580962879,1.0,1.5160053372383118,0.5666667131277231
349,349,0.0021040642481798735,1.0,1.5159156230779796,0.5666667131277231
350,350,0.002098345741754971,1.0,1.5158233229930584,0.5666667131277231
351,351,0.0020927067156522893,1.0,1.515745942409222,0.5666667131277231
352,352,0.00208703665367256,1.0,1.5156620190693781,0.5666667131277231
353,353,0.002081485711432134,1.0,1.5155706405639648,0.5666667131277231
354,354,0.00207591321444712,1.0,1.515485671850351,0.5666667131277231
355,355,0.002070378619604386,1.0,1.5153981309670668,0.5666667131277231
356,356,0.0020648811970694135,1.0,1.5152980455985436,0.5666667131277231
357,357,0.002059389306500984,1.0,1.5152122103250945,0.5666667131277231
358,358,0.002053996565966652,1.0,1.515136562860929,0.5666667131277231
359,359,0.002048558761508992,1.0,1.5150401500555186,0.5666667131277231
360,360,0.002043196510595198,1.0,1.514954768694364,0.5666667131277231
361,361,0.0020378187495785263,1.0,1.5148859528394847,0.5666667131277231
362,362,0.002032499462634755,1.0,1.5147690222813532,0.5666667131277231
363,363,0.0020272812891142587,1.0,1.5146958552874052,0.5666667131277231
364,364,0.002021969405737204,1.0,1.5146061365421002,0.5666667131277231
365,365,0.0020167468464933336,1.0,1.5145132954304035,0.5666667131277231
366,366,0.0020115735958545254,1.0,1.5144183177214403,0.5666667131277231
367,367,0.0020063932752236724,1.0,1.5143395478908832,0.5666667131277231
368,368,0.0020012175888181306,1.0,1.5142364318554218,0.5666667131277231
369,369,0.001996135847338547,1.0,1.514155231989347,0.5666667131277231
370,370,0.001991014997027098,1.0,1.514073596550868,0.5666667131277231
371,371,0.0019859851208121446,1.0,1.5139796733856201,0.5666667131277231
372,372,0.0019809154327958822,1.0,1.5139184548304632,0.5666667131277231
373,373,0.001975918018545669,1.0,1.5138060037906353,0.5666667131277231
374,374,0.001970959623577073,1.0,1.5137300812281096,0.5666667131277231
375,375,0.001966008565012509,1.0,1.5136352869180532,0.5666667131277231
376,376,0.001961087734134008,1.0,1.5135598687025218,0.5666667131277231
377,377,0.001956192313138252,1.0,1.5134571974094098,0.5666667131277231
378,378,0.00195136422273488,1.0,1.513391348031851,0.5666667131277231
379,379,0.0019465190819643724,1.0,1.5133000153761644,0.5666667131277231
380,380,0.0019417552058047687,1.0,1.5132178526658278,0.5666667131277231
381,381,0.001936974082267485,1.0,1.5131381291609545,0.5666667131277231
382,382,0.0019322145089972764,1.0,1.5130639993227446,0.5666667131277231
383,383,0.0019275026973516035,1.0,1.5129499893922072,0.5666667131277231
384,384,0.001922772762974581,1.0,1.5128642916679382,0.5666667131277231
385,385,0.0019181562663736539,1.0,1.5127894419890184,0.5666667131277231
386,386,0.0019134889477684807,1.0,1.5126835841398973,0.5666667131277231
387,387,0.0019088567194278138,1.0,1.5126221409210792,0.5666667131277231
388,388,0.0019042449712287635,1.0,1.5125375481752248,0.5666667131277231
389,389,0.0018996448332193093,1.0,1.5124566279924834,0.5666667131277231
390,390,0.0018950998133872277,1.0,1.512369916989253,0.5666667131277231
391,391,0.0018905809041685783,1.0,1.5122761588830214,0.5666667131277231
392,392,0.0018861025544958045,1.0,1.5121962198844323,0.5666667131277231
393,393,0.0018816208802700902,1.0,1.5121016181432283,0.5666667131277231
394,394,0.001877170920264549,1.0,1.5120366765902593,0.5666667131277231
395,395,0.0018727497864836971,1.0,1.51194821871244,0.5666667131277231
396,396,0.001868381937338899,1.0,1.5118666703884418,0.5666667131277231
397,397,0.0018639396719383793,1.0,1.5117770433425903,0.5666667131277231
398,398,0.0018595454099480636,1.0,1.5117091719920819,0.5666667131277231
399,399,0.001855241040735004,1.0,1.511625464145954,0.5666667131277231
400,400,0.0018509293731767684,1.0,1.5115562218886156,0.5666667131277231
401,401,0.0018465981142631231,1.0,1.5114855674596934,0.5666667131277231
402,402,0.0018423573705009543,1.0,1.511401708309467,0.5666667131277231
403,403,0.00183810912242804,1.0,1.5113331354581392,0.5666667131277231
404,404,0.0018338684547835817,1.0,1.5112474789986243,0.5666667131277231
405,405,0.0018296153262221755,1.0,1.5111840229768019,0.5666667131277231
406,406,0.00182543683779211,1.0,1.5110925298470717,0.5666667131277231
407,407,0.001821296703733074,1.0,1.5110137829413781,0.5666667131277231
408,408,0.0018171246606820764,1.0,1.510963852588947,0.5666667131277231
409,409,0.0018129816498213375,1.0,1.5108680083201482,0.5666667131277231
410,410,0.0018088791201500078,1.0,1.51079333287019,0.5666667131277231
411,411,0.0018048003548756242,1.0,1.510727034165309,0.5666667131277231
412,412,0.001800715623315997,1.0,1.5106432437896729,0.5666667131277231
413,413,0.0017966778608612143,1.0,1.510592405612652,0.5666667131277231
414,414,0.0017926225196928359,1.0,1.5105214760853694,0.5666667131277231
415,415,0.001788668746415239,1.0,1.5104474746263945,0.5666667131277231
416,416,0.0017846694368367584,1.0,1.5103970857766957,0.5666667131277231
417,417,0.0017807145128384805,1.0,1.510329659168537,0.5666667131277231
418,418,0.0017767353453494322,1.0,1.5102403805806086,0.5666667131277231
419,419,0.0017728565413003357,1.0,1.5101751455893884,0.5666667131277231
420,420,0.0017689275331437015,1.0,1.5101146881396954,0.5666667131277231
421,421,0.0017650381353003187,1.0,1.510026216506958,0.5666667131277231
422,422,0.0017611879447940737,1.0,1.5099693674307604,0.5666667131277231
423,423,0.0017573060288738746,1.0,1.5098647429392889,0.5666667131277231
424,424,0.001753463900128666,1.0,1.5097996454972487,0.5666667131277231
425,425,0.0017496575355135764,1.0,1.509719954087184,0.5666667131277231
426,426,0.0017458578625407356,1.0,1.5096491254293,0.5666667131277231
427,427,0.0017420551873958455,1.0,1.509588557940263,0.5666667131277231
428,428,0.0017383387558556234,1.0,1.5095090224192693,0.5666667131277231
429,429,0.001734557628739052,1.0,1.509441499526684,0.5666667131277231
430,430,0.0017308049405423494,1.0,1.5093757647734423,0.5666667131277231
431,431,0.0017270973095527063,1.0,1.5093092551598182,0.5666667131277231
432,432,0.0017233863898302214,1.0,1.509237683736361,0.5666667131277231
433,433,0.0017197256742152744,1.0,1.509172797203064,0.5666667131277231
434,434,0.0017160238147390862,1.0,1.5090980988282423,0.5666667131277231
435,435,0.0017123694168941046,1.0,1.5090126670323885,0.5666667131277231
436,436,0.0017087559658998193,1.0,1.5089439428769624,0.5666667131277231
437,437,0.001705128406264031,1.0,1.50887858409148,0.5666667131277231
438,438,0.0017015164574751486,1.0,1.5088297174527094,0.5666667131277231
439,439,0.0016979473047495747,1.0,1.5087519792410045,0.5666667131277231
440,440,0.0016943719170880145,1.0,1.5086788260019743,0.5666667131277231
441,441,0.0016908368807680046,1.0,1.5086123026334322,0.5666667131277231
442,442,0.001687288725336727,1.0,1.5085521386219904,0.5666667131277231
443,443,0.0016837756198723442,1.0,1.5084995719102712,0.5666667131277231
444,444,0.0016802802050593668,1.0,1.508429270524245,0.5666667131277231
445,445,0.0016768106926554958,1.0,1.5083690239832952,0.5666667131277231
446,446,0.001673320832196623,1.0,1.508293894621042,0.5666667131277231
447,447,0.001669871208902735,1.0,1.5082377241208003,0.5666667131277231
448,448,0.0016664439977970547,1.0,1.5081619024276733,0.5666667131277231
449,449,0.0016629865791541166,1.0,1.5080969883845403,0.5666667131277231
450,450,0.0016595803966853195,1.0,1.5080339358403132,0.5666667131277231
451,451,0.0016561677128685494,1.0,1.5079588385728688,0.5666667131277231
452,452,0.0016528069301365088,1.0,1.5078974687136137,0.5666667131277231
453,453,0.0016494277224410325,1.0,1.5078413715729346,0.5666667131277231
454,454,0.001646092092134775,1.0,1.5077637892503004,0.5666667131277231
455,455,0.0016427625893042064,1.0,1.507703185081482,0.5666667131277231
456,456,0.0016394447145732837,1.0,1.5076302198263316,0.5666667131277231
457,457,0.0016361590309176021,1.0,1.507566355741941,0.5666667131277231
458,458,0.0016328502880731742,1.0,1.5075042156072764,0.5666667131277231
459,459,0.001629574797474421,1.0,1.5074375867843628,0.5666667131277231
460,460,0.0016263285763740826,1.0,1.5073871108201833,0.5666667131277231
461,461,0.0016230973101650865,1.0,1.5073122611412635,0.5666667131277231
462,462,0.0016198693528377379,1.0,1.507242473272177,0.5666667131277231
463,463,0.0016166152423605896,1.0,1.5071807274451623,0.5666667131277231
464,464,0.0016134493791748984,1.0,1.5071129065293531,0.5666667131277231
465,465,0.0016102599194989754,1.0,1.5070422200056224,0.5666667131277231
466,466,0.0016070982898012376,1.0,1.5069985939906194,0.5666667131277231
467,467,0.0016039345310463642,1.0,1.506925949683556,0.5666667131277231
468,468,0.0016007955508449902,1.0,1.5068570788090045,0.5666667131277231
469,469,0.0015976407247273107,1.0,1.5067971302912786,0.5666667131277231
470,470,0.0015945409899219298,1.0,1.506718424650339,0.5666667131277231
471,471,0.001591434554519275,1.0,1.5066684759580171,0.5666667131277231
472,472,0.0015883474462988,1.0,1.5065927046995897,0.5666667131277231
473,473,0.001585285754677338,1.0,1.5065437647012563,0.5666667131277231
474,474,0.001582197047984944,1.0,1.5064836878042955,0.5666667131277231
475,475,0.0015791468434214878,1.0,1.5064284618084247,0.5666667131277231
476,476,0.001576111947472852,1.0,1.5063596092737639,0.5666667131277231
477,477,0.0015730821760371327,1.0,1.5063048188502972,0.5666667131277231
478,478,0.0015700690810962652,1.0,1.5062575019322908,0.5666667131277231
479,479,0.0015670636225527583,1.0,1.5061846513014574,0.5666667131277231
480,480,0.0015640783575900758,1.0,1.5061442118424635,0.5666667131277231
481,481,0.00156111183997172,1.0,1.5060747678463275,0.5666667131277231
482,482,0.0015581472476836867,1.0,1.5060156400387104,0.5666667131277231
483,483,0.00155518131214194,1.0,1.505965150319613,0.5666667131277231
484,484,0.0015522648284856516,1.0,1.5059022582494295,0.5666667131277231
485,485,0.00154934204944696,1.0,1.5058335936986482,0.5692308178314796
486,486,0.0015464426922755172,1.0,1.5057965287795434,0.5666667131277231
487,487,0.0015435238825515485,1.0,1.5057334991601796,0.5692308178314796
488,488,0.0015406401474207926,1.0,1.5056710380774279,0.5692308178314796
489,489,0.0015377743133845238,1.0,1.505611708531013,0.5692308178314796
490,490,0.0015348887402349366,1.0,1.5055482937739446,0.5692308178314796
491,491,0.0015320445684035523,1.0,1.5054975060316234,0.5692308178314796
492,492,0.0015291984018404037,1.0,1.505437855537121,0.5692308178314796
493,493,0.0015263780929112376,1.0,1.5053744866297796,0.5692308178314796
494,494,0.0015235567071403449,1.0,1.5053162758166974,0.5692308178314796
495,495,0.0015207559022550972,1.0,1.5052557679323049,0.5692308178314796
496,496,0.0015179468497920495,1.0,1.5052107159908001,0.5692308178314796
497,497,0.001515183942571569,1.0,1.50514659514794,0.5692308178314796
498,498,0.001512391947191925,1.0,1.5050961100138152,0.5692308178314796
499,499,0.00150961860960636,1.0,1.5050251208818877,0.5692308178314796
500,500,0.001506910036998586,1.0,1.5049748191466699,0.5692308178314796
501,501,0.0015041565571804172,1.0,1.5049143479420588,0.5692308178314796
502,502,0.0015014362512514568,1.0,1.504853551204388,0.5692308178314796
503,503,0.0014987017471307458,1.0,1.5048061884366548,0.5692308178314796
504,504,0.0014959964431070078,1.0,1.5047450432410607,0.5692308178314796
505,505,0.0014932900689578114,1.0,1.5046877310826228,0.5692308178314796
506,506,0.0014906002481718762,1.0,1.5046225144312932,0.5692308178314796
507,507,0.0014879263561362256,1.0,1.504563638797173,0.5692308178314796
508,508,0.0014852790269427574,1.0,1.5045086695597722,0.5692308178314796
509,509,0.001482619908459198,1.0,1.5044453144073486,0.5692308178314796
510,510,0.0014799434888678102,1.0,1.5043821059740508,0.5692308178314796
511,511,0.0014773162480336255,1.0,1.5043445091981154,0.5692308178314796
512,512,0.0014746903056780307,1.0,1.5042783663823054,0.5692308178314796
513,513,0.001472075420539253,1.0,1.5042172716214106,0.5692308178314796
514,514,0.001469469913550151,1.0,1.504160239146306,0.5692308178314796
515,515,0.0014668714116291644,1.0,1.5040886768927941,0.5692308178314796
516,516,0.0014642856280820875,1.0,1.504042895940634,0.5692308178314796
517,517,0.0014617054257541895,1.0,1.5039842678950384,0.5692308178314796
518,518,0.001459135132161184,1.0,1.5039249383486235,0.5692308178314796
519,519,0.0014565767912874715,1.0,1.5038724404114943,0.5692308178314796
520,520,0.0014540334164988822,1.0,1.5038055777549744,0.5692308178314796
521,521,0.0014514972751315397,1.0,1.503750938635606,0.5692308178314796
522,522,0.0014489595285760094,1.0,1.5037041810842662,0.5692308178314796
523,523,0.0014464433569138725,1.0,1.5036380657782922,0.5692308178314796
524,524,0.001443935871625749,1.0,1.5035884380340576,0.5692308178314796
525,525,0.0014414332735423858,1.0,1.5035330515641432,0.5692308178314796
526,526,0.001438954549555022,1.0,1.5034689536461463,0.5692308178314796
527,527,0.0014364657242997335,1.0,1.5034118799062877,0.5692308178314796
528,528,0.001433997750819589,1.0,1.503354535653041,0.5692308178314796
529,529,0.001431540644261986,1.0,1.5032981359041655,0.5692308178314796
530,530,0.0014290791251159345,1.0,1.5032540468069224,0.5692308178314796
531,531,0.0014266415696161298,1.0,1.5031839379897485,0.5692308178314796
532,532,0.001424205292446109,1.0,1.503148601605342,0.5692308178314796
533,533,0.0014217801508493721,1.0,1.5030885980679438,0.5692308178314796
534,534,0.0014193726237863302,1.0,1.5030365173633282,0.5692308178314796
535,535,0.001416970127208445,1.0,1.5029850097802968,0.5692308178314796
536,536,0.0014145942583966714,1.0,1.502939453491798,0.5692308178314796
537,537,0.0014121989773299831,1.0,1.5029005591685956,0.5692308178314796
538,538,0.0014098061342687847,1.0,1.502837373660161,0.5692308178314796
539,539,0.0014074290968262805,1.0,1.5027957421082716,0.5692308178314796
540,540,0.001405075098423717,1.0,1.5027434550798857,0.5692308178314796
541,541,0.0014027147397148209,1.0,1.502695225752317,0.5692308178314796
542,542,0.0014003739074374048,1.0,1.5026478125498846,0.5692308178314796
543,543,0.0013980340042438072,1.0,1.5026018069340632,0.5692308178314796
544,544,0.0013957006471733062,1.0,1.5025483003029456,0.5692308178314796
545,545,0.0013933794689364731,1.0,1.5024943214196425,0.5692308178314796
546,546,0.0013910643510126437,1.0,1.5024345838106596,0.5692308178314796
547,547,0.0013887635365021057,1.0,1.5023945799240699,0.5692308178314796
548,548,0.0013864876930780995,1.0,1.5023506513008704,0.5692308178314796
549,549,0.0013841864173837865,1.0,1.5023018947014442,0.5692308178314796
550,550,0.001381903306957191,1.0,1.5022635001402636,0.5692308178314796
551,551,0.00137962750159204,1.0,1.5022045007118812,0.5692308178314796
552,552,0.001377377332224009,1.0,1.5021525529714732,0.5692308178314796
553,553,0.0013751161593693094,1.0,1.5021151212545543,0.5692308178314796
554,554,0.001372892082704661,1.0,1.5020659107428331,0.5692308178314796
555,555,0.0013706370149380886,1.0,1.501998484134674,0.5692308178314796
556,556,0.0013684100055028326,1.0,1.5019753712874193,0.5692308178314796
557,557,0.001366193236138385,1.0,1.501918939443735,0.5692308178314796
558,558,0.0013639837584028451,1.0,1.5018739333519568,0.5692308178314796
559,559,0.0013617661360722894,1.0,1.5018269740618193,0.5692308178314796
560,560,0.0013595849830800523,1.0,1.5017772041834319,0.5692308178314796
561,561,0.001357395721312899,1.0,1.5017360357137828,0.5692308178314796
562,562,0.0013552323216572404,1.0,1.5016904244056115,0.5692308178314796
563,563,0.0013530483120121062,1.0,1.5016480134083674,0.5692308178314796
564,564,0.0013509057462215424,1.0,1.5015975328592153,0.5692308178314796
565,565,0.0013487411085337114,1.0,1.5015553786204412,0.5692308178314796
566,566,0.0013465942510475332,1.0,1.5015110740294824,0.5692308178314796
567,567,0.001344456442613871,1.0,1.5014838668016286,0.5692308178314796
568,568,0.001342324215399388,1.0,1.501430401435265,0.5692308178314796
569,569,0.0013402058819058137,1.0,1.5013787883978624,0.5692308178314796
570,570,0.0013380826298648922,1.0,1.5013422599205604,0.5692308178314796
571,571,0.001335975517017337,1.0,1.5012974234727712,0.5692308178314796
572,572,0.0013338805762871813,1.0,1.5012577497042143,0.5692308178314796
573,573,0.001331781648332253,1.0,1.5011989932793837,0.5692308178314796
574,574,0.0013296868889413488,1.0,1.5011516305116506,0.5692308178314796
575,575,0.0013276167984048908,1.0,1.5011207507206843,0.5692308178314796
576,576,0.0013255355790114175,1.0,1.5010717006830068,0.5692308178314796
577,577,0.0013234668720262842,1.0,1.5010260526950543,0.5692308178314796
578,578,0.0013213911443017423,1.0,1.500980033324315,0.5692308178314796
579,579,0.0013193466785686235,1.0,1.5009417808972871,0.5692308178314796
580,580,0.001317302362832169,1.0,1.5008911077792828,0.5692308178314796
581,581,0.0013152559269936038,1.0,1.500842231970567,0.5692308178314796
582,582,0.0013132170402409078,1.0,1.500806139065669,0.5692308178314796
583,583,0.0013111971157531326,1.0,1.5007646083831787,0.5692308178314796
584,584,0.001309183397097513,1.0,1.5007224449744592,0.5692308178314796
585,585,0.0013071714851181381,1.0,1.5006761505053594,0.5692308178314796
586,586,0.001305184058415202,1.0,1.500633363540356,0.5692308178314796
587,587,0.0013031528528349905,1.0,1.5005979721362774,0.5692308178314796
588,588,0.0013011732931213023,1.0,1.5005454833690937,0.5692308178314796
589,589,0.0012991791456722869,1.0,1.5005074418508089,0.5692308178314796
590,590,0.0012972172094473185,1.0,1.5004568604322581,0.5692308178314796
591,591,0.0012952426735025186,1.0,1.5004195800194373,0.5692308178314796
592,592,0.0012932806231009846,1.0,1.50037969992711,0.5692308178314796
593,593,0.0012913200390847544,1.0,1.500336385690249,0.5692308178314796
594,594,0.0012893728182042162,1.0,1.5002912191244273,0.5692308178314796
595,595,0.0012874323606061249,1.0,1.5002504541323736,0.5692308178314796
596,596,0.0012854740399724017,1.0,1.5002082953086266,0.5692308178314796
597,597,0.0012835608996773283,1.0,1.5001794329056373,0.5692308178314796
598,598,0.001281627149392779,1.0,1.5001236704679637,0.5692308178314796
599,599,0.0012797101114231807,1.0,1.5000755465947664,0.5692308178314796
600,600,0.001277793675678997,1.0,1.5000459047464223,0.5692308178314796
601,601,0.0012758984543884604,1.0,1.5000107013262236,0.5692308178314796
602,602,0.0012740153380526374,1.0,1.499962880061223,0.5692308178314796
603,603,0.0012720985933600997,1.0,1.4999003685437715,0.5692308178314796
604,604,0.0012702203642290372,1.0,1.4998720700924213,0.5717949225352361
605,605,0.00126834061050501,1.0,1.4998321349804218,0.5717949225352361
606,606,0.0012664578814740078,1.0,1.4998006545580351,0.5717949225352361
607,607,0.0012646053599802633,1.0,1.499758005142212,0.5717949225352361
608,608,0.0012627287942450494,1.0,1.499716804577754,0.5717949225352361
609,609,0.0012608755115742008,1.0,1.4996789739682124,0.5717949225352361
610,610,0.0012590277407210893,1.0,1.4996304512023926,0.5717949225352361
611,611,0.001257191815126974,1.0,1.4995965682543242,0.5717949225352361
612,612,0.0012553369026416196,1.0,1.4995605028592622,0.5717949225352361
613,613,0.0012535115394992037,1.0,1.4995221358079176,0.5717949225352361
614,614,0.001251677541474167,1.0,1.4994760476625884,0.5717949225352361
615,615,0.001249865588481323,1.0,1.499421789095952,0.5717949225352361
616,616,0.001248037061976412,1.0,1.4993909413997943,0.5717949225352361
617,617,0.0012462281514532291,1.0,1.4993596627162054,0.5717949225352361
618,618,0.0012444271056805379,1.0,1.499315830377432,0.5717949225352361
619,619,0.0012426293172981017,1.0,1.499258013872,0.5717949225352361
620,620,0.0012408210201941144,1.0,1.4992303939966054,0.5717949225352361
621,621,0.0012390572743382878,1.0,1.4991894226807814,0.5717949225352361
622,622,0.0012372779445006298,1.0,1.4991508997403657,0.5717949225352361
623,623,0.001235499151964457,1.0,1.4991147151360145,0.5717949225352361
624,624,0.001233736241164689,1.0,1.4990727672210107,0.5717949225352361
625,625,0.0012319724057586147,1.0,1.4990299206513624,0.5717949225352361
626,626,0.001230197322841447,1.0,1.498996968452747,0.5717949225352361
627,627,0.001228450817647032,1.0,1.498963135939378,0.5717949225352361
628,628,0.001226699552856959,1.0,1.4989275015317476,0.5717949225352361
629,629,0.0012249576818878548,1.0,1.4988804276172931,0.5717949225352361
630,630,0.0012232148728799075,1.0,1.4988364302195036,0.5717949225352361
631,631,0.0012214768122738372,1.0,1.4987975725760827,0.5717949225352361
632,632,0.0012197580385523348,1.0,1.4987591825998747,0.5717949225352361
633,633,0.0012180505660720742,1.0,1.4987279360110943,0.5717949225352361
634,634,0.00121632020902605,1.0,1.498683287547185,0.5743590226540198
635,635,0.0012146260034149657,1.0,1.4986398678559523,0.5743590226540198
636,636,0.0012129089065218489,1.0,1.4986087404764616,0.5743590226540198
637,637,0.0012112220977612126,1.0,1.49857648060872,0.5743590226540198
638,638,0.0012095240750708259,1.0,1.4985287556281457,0.5743590226540198
639,639,0.0012078446542056133,1.0,1.4985001270587628,0.5743590226540198
640,640,0.0012061550246121793,1.0,1.4984473035885737,0.5743590226540198
641,641,0.0012044781268251916,1.0,1.4984157177118154,0.5743590226540198
642,642,0.0012027950411160977,1.0,1.4983713260063758,0.5743590226540198
643,643,0.0012011399465756347,1.0,1.498336021716778,0.5743590226540198
644,644,0.001199480911824279,1.0,1.4983034867506762,0.5743590226540198
645,645,0.0011978055923604048,1.0,1.4982461333274841,0.5743590226540198
646,646,0.0011961600416375755,1.0,1.4982189673643846,0.5743590226540198
647,647,0.0011945054821598416,1.0,1.498182168373695,0.5743590226540198
648,648,0.0011928638313502932,1.0,1.498152888738192,0.5743590226540198
649,649,0.0011912305490113795,1.0,1.498104113798875,0.5743590226540198
650,650,0.0011895914033700067,1.0,1.4980693826308618,0.5743590226540198
651,651,0.001187960941863891,1.0,1.4980404468683095,0.5743590226540198
652,652,0.0011863265244755894,1.0,1.4979869769169734,0.5743590226540198
653,653,0.0011847052911224847,1.0,1.497944290821369,0.5743590226540198
654,654,0.0011831052028215849,1.0,1.4979153550588167,0.5743590226540198
655,655,0.001181485046310207,1.0,1.4978770797069256,0.5743590226540198
656,656,0.0011798804401993179,1.0,1.4978316563826342,0.5743590226540198
657,657,0.0011782824070765995,1.0,1.4977994836293733,0.5743590226540198
658,658,0.0011766863418205713,1.0,1.497765825344966,0.5743590226540198
659,659,0.001175097456255641,1.0,1.4977237261258638,0.5743590226540198
660,660,0.0011735101602076052,1.0,1.4976938275190501,0.5743590226540198
661,661,0.0011719256357397311,1.0,1.497658303150764,0.5743590226540198
662,662,0.0011703613115689503,1.0,1.497618358868819,0.5743590226540198
663,663,0.0011687700350124103,1.0,1.497585498369657,0.5743590226540198
664,664,0.0011672117420508026,1.0,1.497548025387984,0.5743590226540198
665,665,0.001165638100176763,1.0,1.497506586404947,0.5743590226540198
666,666,0.001164099315736586,1.0,1.4974776964921217,0.5743590226540198
667,667,0.0011625378885163139,1.0,1.4974304024989789,0.5743590226540198
668,668,0.0011609827857822753,1.0,1.4974004534574656,0.5743590226540198
669,669,0.0011594352366116184,1.0,1.4973672124055715,0.5743590226540198
670,670,0.0011579043281157143,1.0,1.4973370707952058,0.5743590226540198
671,671,0.0011563597318644708,1.0,1.4972921243080726,0.5743590226540198
672,672,0.0011548314046544524,1.0,1.4972682778651898,0.5743590226540198
673,673,0.001153303381915276,1.0,1.497212630051833,0.5743590226540198
674,674,0.0011517882532923697,1.0,1.4971898748324468,0.5743590226540198
675,675,0.0011502662572848538,1.0,1.4971493299190815,0.5743590226540198
676,676,0.001148756227429168,1.0,1.4971053141814012,0.5743590226540198
677,677,0.001147230554264612,1.0,1.4970660897401662,0.5743590226540198
678,678,0.0011457216068475435,1.0,1.4970320829978356,0.5743590226540198
679,679,0.0011442314907281587,1.0,1.4970023265251746,0.5743590226540198
680,680,0.0011427323871220534,1.0,1.4969629507798414,0.5743590226540198
681,681,0.0011412408840932096,1.0,1.4969181510118337,0.5743590226540198
682,682,0.001139758932717646,1.0,1.4968678676165068,0.5743590226540198
683,683,0.0011382716195210097,1.0,1.4968532415536733,0.5743590226540198
684,684,0.001136797092980347,1.0,1.496823448401231,0.5743590226540198
685,685,0.0011353118260068675,1.0,1.4967797169318566,0.5743590226540198
686,686,0.0011338562662086377,1.0,1.4967430967551012,0.5743590226540198
687,687,0.0011323914827349095,1.0,1.496717320038722,0.5743590226540198
688,688,0.0011309205840986508,1.0,1.4966740608215332,0.5743590226540198
689,689,0.0011294676156607098,1.0,1.4966413974761963,0.5743590226540198
690,690,0.0011280128786053795,1.0,1.496604928603539,0.5743590226540198
691,691,0.0011265668503116243,1.0,1.496565892146184,0.5743590226540198
692,692,0.0011251231010716695,1.0,1.4965402483940125,0.5743590226540198
693,693,0.0011236762175730502,1.0,1.4964927985117986,0.5743590226540198
694,694,0.0011222348447727899,1.0,1.4964726246320283,0.5743590226540198
695,695,0.0011208100969759892,1.0,1.4964224833708544,0.5743590226540198
696,696,0.0011193778694947609,1.0,1.4964033640347993,0.5743590226540198
697,697,0.0011179552037412156,1.0,1.496361030982091,0.5743590226540198
698,698,0.0011165409019807926,1.0,1.4963262677192688,0.5743590226540198
699,699,0.0011151178209379746,1.0,1.4962935906190138,0.5743590226540198
700,700,0.0011137073452118784,1.0,1.496258488068214,0.5743590226540198
701,701,0.0011122924311516376,1.0,1.4962192407021155,0.5743590226540198
702,702,0.0011108946760382073,1.0,1.4961825700906606,0.5743590226540198
703,703,0.0011094900042875311,1.0,1.4961519424731915,0.5743590226540198
704,704,0.0011081057455157861,1.0,1.4961210030775804,0.5743590226540198
705,705,0.001106708382184689,1.0,1.496082801085252,0.5743590226540198
706,706,0.001105318794053836,1.0,1.4960534205803504,0.5743590226540198
707,707,0.001103928826453809,1.0,1.4960144345576947,0.5743590226540198
708,708,0.0011025566334585445,1.0,1.4959826102623572,0.5743590226540198
709,709,0.0011011782648543327,1.0,1.495941134599539,0.5743590226540198
710,710,0.0010998037771339743,1.0,1.495913789822505,0.5743590226540198
711,711,0.0010984350967471702,1.0,1.4958901130236113,0.5743590226540198
712,712,0.0010970704438827501,1.0,1.4958567986121545,0.5743590226540198
713,713,0.0010957051910316716,1.0,1.4958263681485102,0.5743590226540198
714,714,0.0010943493331209398,1.0,1.4957901789591863,0.5743590226540198
715,715,0.001093003682819052,1.0,1.4957537284264197,0.5743590226540198
716,716,0.001091659336592644,1.0,1.4957240498982942,0.5743590226540198
717,717,0.0010902951303600834,1.0,1.4956878240291889,0.5743590226540198
718,718,0.0010889643756224988,1.0,1.4956644956882184,0.5743590226540198
719,719,0.0010876312298933044,1.0,1.4956298195398772,0.5743590226540198
720,720,0.001086297256943698,1.0,1.4955911132005544,0.5743590226540198
721,721,0.0010849550386550478,1.0,1.4955613246330848,0.5743590226540198
722,722,0.0010836365511820007,1.0,1.4955364557412953,0.5743590226540198
723,723,0.001082298582052597,1.0,1.4954960483771105,0.5743590226540198
724,724,0.001080972562284352,1.0,1.495473632445702,0.5743590226540198
725,725,0.0010796598563991631,1.0,1.4954390204869783,0.5743590226540198
726,726,0.0010783485575722386,1.0,1.4954116619550264,0.5743590226540198
727,727,0.0010770358348963782,1.0,1.4953712683457594,0.5743590226540198
728,728,0.0010757371122823455,1.0,1.4953332543373108,0.5743590226540198
729,729,0.001074418004673834,1.0,1.4953075005457952,0.5743590226540198
730,730,0.0010731358309455502,1.0,1.4952726089037383,0.5743590226540198
731,731,0.0010718306719074743,1.0,1.495232953475072,0.5743590226540198
732,732,0.001070540637906211,1.0,1.4952092583362873,0.5743590226540198
733,733,0.0010692503005534841,1.0,1.4951765353863056,0.5743590226540198
734,734,0.0010679552125601242,1.0,1.4951391861988947,0.5743590226540198
735,735,0.001066673948886231,1.0,1.4951117864021888,0.5743590226540198
736,736,0.0010653987175408895,1.0,1.4950851522959197,0.5743590226540198
737,737,0.0010641195739691074,1.0,1.4950466797902033,0.5743590226540198
738,738,0.0010628479313499366,1.0,1.4950171342262855,0.5743590226540198
739,739,0.0010615778021299494,1.0,1.494986497438871,0.5743590226540198
740,740,0.0010603064561459736,1.0,1.4949545585192168,0.5743590226540198
741,741,0.0010590396044650474,1.0,1.4949228305083055,0.5743590226540198
742,742,0.0010577748784831224,1.0,1.4948908961736238,0.5743590226540198
743,743,0.001056522988409807,1.0,1.4948611488709083,0.5743590226540198
744,744,0.0010552655204754467,1.0,1.494822593835684,0.5743590226540198
745,745,0.001054018651932263,1.0,1.494793795622312,0.5743590226540198
746,746,0.0010527729341097607,1.0,1.4947643004930937,0.5743590226540198
747,747,0.0010515244592590113,1.0,1.494725452019618,0.5743590226540198
748,748,0.0010502849998794352,1.0,1.494693398475647,0.5743590226540198
749,749,0.001049048214694127,1.0,1.4946599052502558,0.5743590226540198
750,750,0.0010478091235899439,1.0,1.4946309740726764,0.5743590226540198
751,751,0.0010465740073973744,1.0,1.4946032120631292,0.5743590226540198
752,752,0.0010453524759773596,1.0,1.4945636712587798,0.5743590226540198
753,753,0.0010441207089640487,1.0,1.4945374543850238,0.5743590226540198
754,754,0.0010429035285666871,1.0,1.4944996054355915,0.5743590226540198
755,755,0.0010416833650267038,1.0,1.4944721872989948,0.5743590226540198
756,756,0.001040473112460369,1.0,1.4944428572287927,0.5743590226540198
757,757,0.0010392588838630428,1.0,1.494421546275799,0.5743590226540198
758,758,0.0010380449172001905,1.0,1.4943842200132518,0.5743590226540198
759,759,0.0010368302330159796,1.0,1.4943604240050683,0.5743590226540198
760,760,0.0010356247948948294,1.0,1.4943228914187505,0.5743590226540198
761,761,0.0010344299617617463,1.0,1.4942942490944495,0.5743590226540198
762,762,0.001033225564662224,1.0,1.4942715076299815,0.5769231227728037
763,763,0.0010320350982230874,1.0,1.4942390827032237,0.5769231227728037
764,764,0.001030843543748443,1.0,1.4942055573830237,0.5769231227728037
765,765,0.0010296502990128759,1.0,1.49417199079807,0.5769231227728037
766,766,0.0010284633283915285,1.0,1.4941460260978112,0.5769231227728037
767,767,0.001027287183275733,1.0,1.4941195983153124,0.5769231227728037
768,768,0.0010261101930294759,1.0,1.494085458608774,0.5769231227728037
769,769,0.001024929473015408,1.0,1.4940554407926707,0.5769231227728037
770,770,0.001023760418040463,1.0,1.4940298062104445,0.5769231227728037
771,771,0.0010225815170157987,1.0,1.4940026585872357,0.5769231227728037
772,772,0.001021421694671377,1.0,1.493967056274414,0.5769231227728037
773,773,0.0010202490599252856,1.0,1.493940179164593,0.5769231227728037
774,774,0.0010190925990732817,1.0,1.4939081026957586,0.5769231227728037
775,775,0.0010179293402381097,1.0,1.493876182115995,0.5769231227728037
776,776,0.00101677387563261,1.0,1.4938478469848633,0.5769231227728037
777,777,0.0010156254989292042,1.0,1.4938146196878874,0.5769231227728037
778,778,0.001014474449150909,1.0,1.4937867384690504,0.5769231227728037
779,779,0.0010133160652073387,1.0,1.493764111628899,0.5769231227728037
780,780,0.0010121764745025968,1.0,1.4937288806988642,0.5769231227728037
781,781,0.0010110399128349784,1.0,1.4937066710912263,0.5769231227728037
782,782,0.0010098947532242164,1.0,1.4936738564417913,0.5769231227728037
783,783,0.0010087600228591608,1.0,1.4936501933978155,0.5769231227728037
784,784,0.001007632541586645,1.0,1.4936073422431946,0.5769231227728037
785,785,0.0010064970545219975,1.0,1.4935850684459393,0.5769231227728037
786,786,0.0010053651640191674,1.0,1.4935523088161762,0.5769231227728037
787,787,0.0010042459258469394,1.0,1.4935281093303974,0.5769231227728037
788,788,0.0010031244735448407,1.0,1.4934988755446215,0.5769231227728037
789,789,0.0010019983847786745,1.0,1.4934628284894502,0.5769231227728037
790,790,0.0010008867740487824,1.0,1.4934364419717054,0.5769231227728037
791,791,0.0009997676119942649,1.0,1.4933986434569726,0.5769231227728037
792,792,0.0009986561490222812,1.0,1.493374751164363,0.5769231227728037
793,793,0.0009975534037668975,1.0,1.4933480895482576,0.5769231227728037
794,794,0.0009964404956777939,1.0,1.4933199057212243,0.5769231227728037
795,795,0.0009953443860957543,1.0,1.4932950735092163,0.5769231227728037
796,796,0.0009942362163341246,1.0,1.4932504892349243,0.5769231227728037
797,797,0.0009931407794983198,1.0,1.4932247629532447,0.5769231227728037
798,798,0.0009920412121573463,1.0,1.4932011732688317,0.5769231227728037
799,799,0.0009909535796256163,1.0,1.4931727877030005,0.5769231227728037
800,800,0.0009898601364021977,1.0,1.4931429624557495,0.5769231227728037
801,801,0.000988780029449397,1.0,1.4931162366500268,0.5769231227728037
802,802,0.0009876942259814734,1.0,1.4930924360568707,0.5769231227728037
803,803,0.0009866102090409885,1.0,1.493061505831205,0.5769231227728037
804,804,0.0009855318863768703,1.0,1.4930350826336787,0.5769231227728037
805,805,0.000984454842042536,1.0,1.4930123090744019,0.5769231227728037
806,806,0.0009833876258478714,1.0,1.4929845654047453,0.5769231227728037
807,807,0.0009823166966760675,1.0,1.4929554691681495,0.5769231227728037
808,808,0.0009812444555931366,1.0,1.4929229479569655,0.5769231227728037
809,809,0.00098018602875527,1.0,1.4928966577236469,0.5769231227728037
810,810,0.0009791199644006644,1.0,1.4928705646441534,0.5769231227728037
811,811,0.0009780537634819315,1.0,1.4928469932996309,0.5769231227728037
812,812,0.000976997150036578,1.0,1.492811721104842,0.5769231227728037
813,813,0.0009759483386565429,1.0,1.4927910887278044,0.5769231227728037
814,814,0.0009748956374376296,1.0,1.492762804031372,0.5769231227728037
815,815,0.0009738550635609919,1.0,1.4927330292188203,0.5769231227728037
816,816,0.0009727985967541686,1.0,1.492709572498615,0.5769231227728037
817,817,0.0009717559676993495,1.0,1.4926811089882484,0.5769231227728037
818,818,0.0009707112644369212,1.0,1.4926600272838886,0.5769231227728037
819,819,0.0009696731408789324,1.0,1.4926260847311754,0.5769231227728037
820,820,0.0009686408101025826,1.0,1.492599299320808,0.5769231227728037
821,821,0.0009676091498337113,1.0,1.4925784376951365,0.5769231227728037
822,822,0.0009665714762657165,1.0,1.4925523354456975,0.5769231227728037
823,823,0.0009655453994547805,1.0,1.492518227833968,0.5769231227728037
824,824,0.0009645192375711093,1.0,1.4924982648629408,0.5769231227728037
825,825,0.0009635058242845564,1.0,1.4924673117124116,0.5769231227728037
826,826,0.0009624755520445223,1.0,1.4924462300080519,0.5769231227728037
827,827,0.0009614545135543897,1.0,1.4924207375599787,0.5769231227728037
828,828,0.000960435748521167,1.0,1.4923966572834895,0.5769231227728037
829,829,0.0009594316439828477,1.0,1.492367868240063,0.5769231227728037
830,830,0.0009584164072293788,1.0,1.4923514953026404,0.5769231227728037
831,831,0.0009574103919126523,1.0,1.4923235040444593,0.5769231227728037
832,832,0.0009563917141909209,1.0,1.4923008955441988,0.5769231227728037
833,833,0.000955392635660246,1.0,1.492273183969351,0.5769231227728037
834,834,0.000954384256216984,1.0,1.492240575643686,0.5769231227728037
835,835,0.0009533893843091881,1.0,1.4922325427715595,0.5769231227728037
836,836,0.0009523886983515695,1.0,1.4921994438538184,0.5769231227728037
837,837,0.0009513925425170993,1.0,1.492163020830888,0.5769231227728037
838,838,0.0009504058263980999,1.0,1.4921565422644982,0.5769231227728037
839,839,0.0009494031054111054,1.0,1.4921306876035838,0.5769231227728037
840,840,0.0009484205186778966,1.0,1.4920966625213623,0.5769231227728037
841,841,0.0009474328813107255,1.0,1.492081174483666,0.5769231227728037
842,842,0.0009464505956902241,1.0,1.4920610372836773,0.5769231227728037
843,843,0.0009454633411503612,1.0,1.4920267783678496,0.5769231227728037
844,844,0.0009444893713897237,1.0,1.4919969485356257,0.5769231227728037
845,845,0.0009435065641390303,1.0,1.4919856236531184,0.5769231227728037
846,846,0.000942535782367206,1.0,1.491952428450951,0.5769231227728037
847,847,0.0009415549620126302,1.0,1.4919301317288325,0.5769231227728037
848,848,0.0009405892409491711,1.0,1.4919097698651826,0.5769231227728037
849,849,0.0009396110668044108,1.0,1.4918938462550824,0.5769231227728037
850,850,0.0009386477837464414,1.0,1.4918574461570153,0.5769231227728037
851,851,0.0009376851073913992,1.0,1.4918433794608483,0.5769231227728037
852,852,0.0009367189911874727,1.0,1.4918103034679706,0.5769231227728037
853,853,0.000935757906588081,1.0,1.4917874886439397,0.5769231227728037
854,854,0.0009347990517898535,1.0,1.4917671221953173,0.5769231227728037
855,855,0.0009338485822529317,1.0,1.4917444724303026,0.5769231227728037
856,856,0.0009328940695223326,1.0,1.491714638013106,0.5769231227728037
857,857,0.0009319400146173743,1.0,1.4916964219166682,0.5769231227728037
858,858,0.0009309906073702642,1.0,1.4916698978497431,0.5769231227728037
859,859,0.0009300473164050625,1.0,1.4916378809855535,0.5769231227728037
860,860,0.0009291007434232876,1.0,1.4916106370779185,0.5769231227728037
861,861,0.0009281616389321593,1.0,1.4915940027970533,0.5769231227728037
862,862,0.0009272219355737504,1.0,1.4915655117768507,0.5769231227728037
863,863,0.0009262820687861397,1.0,1.4915341780735896,0.5769231227728037
864,864,0.0009253423665471089,1.0,1.4915120234856238,0.5769231227728037
865,865,0.0009244192926696717,1.0,1.491479910337008,0.5769231227728037
866,866,0.0009234757643963138,1.0,1.4914674346263592,0.5769231227728037
867,867,0.0009225413937551471,1.0,1.4914238361211924,0.5769231227728037
868,868,0.0009216174064651848,1.0,1.491403653071477,0.5769231227728037
869,869,0.0009206967739513717,1.0,1.4913737040299635,0.5769231227728037
870,870,0.0009197687983172587,1.0,1.4913535301501935,0.5769231227728037
871,871,0.0009188487042243091,1.0,1.4913257727256188,0.5769231227728037
872,872,0.0009179269299448396,1.0,1.4913043058835542,0.5769231227728037
873,873,0.0009170072768868592,1.0,1.491283586392036,0.5769231227728037
874,874,0.0009161004597374883,1.0,1.491250936801617,0.5769231227728037
875,875,0.0009151822663485431,1.0,1.4912264668024504,0.5769231227728037
876,876,0.0009142712560088302,1.0,1.4912026478694036,0.5769231227728037
877,877,0.0009133618273503649,1.0,1.4911791315445533,0.5769231227728037
878,878,0.0009124543273803563,1.0,1.4911556702393751,0.5769231227728037
879,879,0.0009115425323565992,1.0,1.4911315807929406,0.5769231227728037
880,880,0.00091063952668964,1.0,1.4911031264525194,0.5769231227728037
881,881,0.0009097359859599517,1.0,1.4910863592074468,0.5769231227728037
882,882,0.0009088423696364491,1.0,1.4910636223279512,0.5769231227728037
883,883,0.0009079404934219873,1.0,1.4910347003203173,0.5769231227728037
884,884,0.0009070453491473857,1.0,1.4910053106454701,0.5769231227728037
885,885,0.0009061455359467521,1.0,1.4909802354299104,0.5769231227728037
886,886,0.0009052637548078424,1.0,1.490959910246042,0.5769231227728037
887,887,0.0009043666191596108,1.0,1.4909349175599904,0.5769231227728037
888,888,0.000903480475804267,1.0,1.4909132902438824,0.5769231227728037
889,889,0.0009026000491128518,1.0,1.4908867249122033,0.5769231227728037
890,890,0.0009017079540241796,1.0,1.4908659366460948,0.5769231227728037
891,891,0.0009008275250940082,1.0,1.4908475875854492,0.5769231227728037
892,892,0.0008999515311398471,1.0,1.4908188489767222,0.5769231227728037
893,893,0.0008990650732392588,1.0,1.4907968319379366,0.5769231227728037
894,894,0.0008981918228808074,1.0,1.4907695055007935,0.5769231227728037
895,895,0.0008973193415351069,1.0,1.4907472408734834,0.5769231227728037
896,896,0.0008964416617975355,1.0,1.490727933553549,0.5769231227728037
897,897,0.0008955720785217216,1.0,1.4907072140620306,0.5769231227728037
898,898,0.0008947073052135798,1.0,1.490675137593196,0.5769231227728037
899,899,0.0008938436568804228,1.0,1.4906541246634264,0.5769231227728037
900,900,0.00089297392024981,1.0,1.4906317454117994,0.5769231227728037
901,901,0.0008921160143262779,1.0,1.4906067343858571,0.5769231227728037
902,902,0.0008912458825551977,1.0,1.4905743553088262,0.5769231227728037
903,903,0.0008903899590502708,1.0,1.4905534707582915,0.5769231227728037
904,904,0.000889533041537596,1.0,1.4905252731763399,0.5769231227728037
905,905,0.0008886791709720945,1.0,1.4905122426839976,0.5769231227728037
906,906,0.0008878220183900199,1.0,1.4904795976785512,0.5769231227728037
907,907,0.0008869770849392248,1.0,1.490457479770367,0.5769231227728037
908,908,0.0008861172604016387,1.0,1.4904306210004366,0.5769231227728037
909,909,0.000885260948472513,1.0,1.49041682940263,0.5769231227728037
910,910,0.000884422260032107,1.0,1.4903856103236859,0.5769231227728037
911,911,0.0008835751034964162,1.0,1.4903563444431012,0.5769231227728037
912,912,0.0008827313084531432,1.0,1.4903434331600482,0.5769231227728037
913,913,0.0008818911110910659,1.0,1.490319930590116,0.5769231227728037
914,914,0.0008810535632969382,1.0,1.4902965197196374,0.5769231227728037
915,915,0.0008802077097173494,1.0,1.4902734481371367,0.5769231227728037
916,916,0.00087938108929218,1.0,1.4902513073040888,0.5769231227728037
917,917,0.0008785422497357314,1.0,1.490238327246446,0.5769231227728037
918,918,0.0008777083690242412,1.0,1.4902125872098482,0.5769231227728037
919,919,0.0008768768658718237,1.0,1.490193091906034,0.5769231227728037
920,920,0.0008760518338441706,1.0,1.4901633033385644,0.5769231227728037
921,921,0.0008752224664651573,1.0,1.490134326311258,0.5769231227728037
922,922,0.0008743914110639777,1.0,1.4901144046049852,0.5769231227728037
923,923,0.0008735803511137,1.0,1.4900960601293123,0.5769231227728037
924,924,0.0008727546396235434,1.0,1.4900710949530969,0.5769231227728037
925,925,0.0008719361100632411,1.0,1.4900422302576213,0.5769231227728037
926,926,0.0008711179487783319,1.0,1.4900229504475226,0.5769231227728037
927,927,0.0008702952831159704,1.0,1.4899988380762248,0.5769231227728037
928,928,0.0008694820941085569,1.0,1.4899736963785613,0.5769231227728037
929,929,0.0008686695744892439,1.0,1.4899478692274828,0.5769231227728037
930,930,0.0008678521195319123,1.0,1.4899279933709364,0.5769231227728037
931,931,0.0008670406666799233,1.0,1.48991164794335,0.5769231227728037
932,932,0.0008662318891415802,1.0,1.4898874988922706,0.5769231227728037
933,933,0.0008654267898796556,1.0,1.48985444353177,0.5769231227728037
934,934,0.0008646213771918645,1.0,1.4898368166043208,0.5769231227728037
935,935,0.0008638209972279862,1.0,1.489808398943681,0.5769231227728037
936,936,0.0008630237515227726,1.0,1.4897907743087182,0.5769231227728037
937,937,0.0008622187250204241,1.0,1.4897682070732117,0.5769231227728037
938,938,0.0008614229244323304,1.0,1.4897355849926288,0.5769231227728037
939,939,0.0008606271260829929,1.0,1.4897133387052095,0.5769231227728037
940,940,0.0008598353810017356,1.0,1.4896925320992103,0.5769231227728037
941,941,0.0008590356760228482,1.0,1.4896687475534587,0.5769231227728037
942,942,0.0008582472890758744,1.0,1.4896514094792879,0.5769231227728037
943,943,0.0008574536947820049,1.0,1.4896315611325777,0.5769231227728037
944,944,0.0008566674424890572,1.0,1.4896042690827296,0.5769231227728037
945,945,0.000855877215284496,1.0,1.4895787307849297,0.5769231227728037
946,946,0.0008551052283459845,1.0,1.4895615531848028,0.5769231227728037
947,947,0.0008543117885262921,1.0,1.489531737107497,0.5769231227728037
948,948,0.0008535339964929825,1.0,1.4895028517796443,0.5769231227728037
949,949,0.0008527513306874495,1.0,1.4894798145844386,0.5769231227728037
950,950,0.0008519696432183712,1.0,1.4894669239337628,0.5769231227728037
951,951,0.0008512013950026953,1.0,1.4894446547214801,0.5769231227728037
952,952,0.0008504192609017572,1.0,1.4894211406891162,0.5769231227728037
953,953,0.0008496461243619426,1.0,1.4893951828663166,0.5769231227728037
954,954,0.0008488784884460843,1.0,1.4893755041635954,0.5769231227728037
955,955,0.0008481053530256479,1.0,1.4893589501197522,0.5769231227728037
956,956,0.0008473348246367935,1.0,1.4893287443197691,0.5769231227728037
957,957,0.0008465620586111282,1.0,1.4893062114715576,0.5769231227728037
958,958,0.0008457993781820943,1.0,1.489284098148346,0.5769231227728037
959,959,0.0008450385368912696,1.0,1.4892584268863385,0.5769231227728037
960,960,0.0008442703591964135,1.0,1.4892458159189959,0.5769231227728037
961,961,0.0008435105813147787,1.0,1.489214878815871,0.5769231227728037
962,962,0.000842752251908398,1.0,1.4891948975049532,0.5769231227728037
963,963,0.0008419998025951477,1.0,1.4891734994374788,0.5769231227728037
964,964,0.0008412376538707087,1.0,1.489152314571234,0.5769231227728037
965,965,0.0008404833631804929,1.0,1.4891270467868218,0.5769231227728037
966,966,0.0008397259505447716,1.0,1.4891062035010412,0.5769231227728037
967,967,0.0008389756325274133,1.0,1.4890849659076104,0.5769231227728037
968,968,0.000838221880258061,1.0,1.4890548632695124,0.5769231227728037
969,969,0.0008374765333988202,1.0,1.48903705065067,0.5769231227728037
970,970,0.0008367343040075726,1.0,1.4890129130620222,0.5769231227728037
971,971,0.000835980856209062,1.0,1.4889946717482347,0.5769231227728037
972,972,0.0008352409159460177,1.0,1.4889664191466112,0.5769231227728037
973,973,0.0008344960974332375,1.0,1.488951550080226,0.5769231227728037
974,974,0.0008337585201773506,1.0,1.4889236505214984,0.5769231227728037
975,975,0.0008330153684185531,1.0,1.4889148061092083,0.5769231227728037
976,976,0.0008322817772680607,1.0,1.488879870909911,0.5769231227728037
977,977,0.0008315366498069265,1.0,1.4888582275463984,0.5769231227728037
978,978,0.0008308034258124491,1.0,1.4888401948488676,0.5769231227728037
979,979,0.0008300698189906633,1.0,1.4888161420822144,0.5769231227728037
980,980,0.000829338812484191,1.0,1.4888048149072206,0.5769231227728037
981,981,0.0008286079503774929,1.0,1.488769992039754,0.5769231227728037
982,982,0.0008278709115424695,1.0,1.4887554049491882,0.5769231227728037
983,983,0.0008271512107547516,1.0,1.4887367762052095,0.5769231227728037
984,984,0.0008264208019961818,1.0,1.48871248960495,0.5769231227728037
985,985,0.0008256999426521361,1.0,1.4886865271971776,0.5769231227728037
986,986,0.0008249748106419037,1.0,1.4886635358516986,0.5769231227728037
987,987,0.0008242553225360238,1.0,1.4886520550801203,0.5769231227728037
988,988,0.0008235219474255035,1.0,1.4886240913317754,0.5769231227728037
989,989,0.0008228077147997773,1.0,1.488606264958015,0.5769231227728037
990,990,0.0008220898397177315,1.0,1.488586996610348,0.5769231227728037
991,991,0.0008213685225480451,1.0,1.4885551654375517,0.5769231227728037
992,992,0.0008206580431970696,1.0,1.4885433201606457,0.5769231227728037
993,993,0.0008199366420740262,1.0,1.4885206589331994,0.5769231227728037
994,994,0.0008192237952383808,1.0,1.4884984562030206,0.5769231227728037
995,995,0.0008185157650866761,1.0,1.4884752149765308,0.5769231227728037
996,996,0.0008178031522010525,1.0,1.4884621523893797,0.5769231227728037
997,997,0.0008170918993598137,1.0,1.4884377924295573,0.5769231227728037
998,998,0.0008163877624051216,1.0,1.4884211375163152,0.5769231227728037
999,999,0.0008156829985986965,1.0,1.4883977702030768,0.5769231227728037
