,epoch,train_err,train_acc,valid_err,valid_acc
0,0,5.008469989666572,0.03846154096894539,4.465903025407058,0.04871795154534853
1,1,4.384298333754907,0.06538462001257218,4.134871867986826,0.0948718018256701
2,2,3.8604567555280833,0.09358975004691344,3.7258885273566613,0.10000000750789276
3,3,3.4645160665878882,0.14230770316834634,3.0529213685255785,0.22564104199409485
4,4,3.041415076989394,0.1987179656727956,2.6151059774252086,0.28717950788828045
5,5,2.588448934830152,0.28589745696920615,2.4223710940434384,0.2897436080070642
6,6,2.3958117228287916,0.3301282318738791,2.2754520177841187,0.3256410520810347
7,7,2.0339731115561266,0.4064102897850367,1.97744266803448,0.41025643853040844
8,8,1.7711527599738195,0.479487212231526,1.9419646538220918,0.4153846479379214
9,9,1.5736802014020772,0.5192308087761586,1.6233202127309947,0.5025641390910516
10,10,1.2999682334753184,0.6160256937146187,1.5444608926773071,0.5230769652586716
11,11,1.0322229334941277,0.7205128784363086,1.3926958395884588,0.582051327595344
12,12,0.740782091823908,0.8192308281476681,1.3150691665135896,0.6025641468855051
13,13,0.5212075993991815,0.900641082571103,1.2508070789850676,0.6282051755831792
14,14,0.28562103842313474,0.9807692491091214,1.2272635790017934,0.6410256899320163
15,15,0.16977036758684194,1.0,1.2097091858203595,0.6410256945169889
16,16,0.11657155792300518,1.0,1.2030868163475623,0.6307692711169903
17,17,0.09180223368681394,1.0,1.1983545743502104,0.6461538901695838
18,18,0.07685272503071107,1.0,1.1929671168327332,0.6615385046372046
19,19,0.06665855803741859,1.0,1.1936722856301527,0.6564103043996371
20,20,0.059519598117241494,1.0,1.1930675414892344,0.6564103043996371
21,21,0.05381233889896136,1.0,1.1923856047483592,0.6564103043996371
22,22,0.04919936894797362,1.0,1.1917065657102144,0.6461538901695838
23,23,0.04568558186292648,1.0,1.1910456235592182,0.6410256807620709
24,24,0.04253682150290562,1.0,1.1897726471607502,0.6435897900508001
25,25,0.03999710244198258,1.0,1.18952581515679,0.6410256899320163
26,26,0.03767517019206515,1.0,1.1872902099902813,0.6461538993395292
27,27,0.03566815779329492,1.0,1.186007022857666,0.6461538993395292
28,28,0.03388533529897149,1.0,1.1850052246680627,0.6461538993395292
29,29,0.03226697419841702,1.0,1.183757754472586,0.6435897946357727
30,30,0.030849250212598305,1.0,1.1829121387921846,0.6435897854658273
31,31,0.029525980030974515,1.0,1.1812471059652476,0.6461538947545565
32,32,0.028315166369653665,1.0,1.1808607990925128,0.6461538993395292
33,33,0.027185091462272864,1.0,1.1796246400246253,0.6435897946357727
34,34,0.026164349383459642,1.0,1.1788673905225902,0.6410256899320163
35,35,0.025223939285541955,1.0,1.1776267565213716,0.6461538947545565
36,36,0.02435435512318061,1.0,1.1766788776104267,0.6435897946357727
37,37,0.023568267826564036,1.0,1.1752641476117647,0.6487179948733404
38,38,0.022824849360264264,1.0,1.174046360529386,0.6487179948733404
39,39,0.02210470400034235,1.0,1.172685980796814,0.6512820949921241
40,40,0.021428773573671397,1.0,1.17123144865036,0.6512820949921241
41,41,0.0208412825416487,1.0,1.1698533571683443,0.6487179948733404
42,42,0.02026986234033337,1.0,1.168500473866096,0.6487179948733404
43,43,0.01969705758473048,1.0,1.167083277152135,0.6461538901695838
44,44,0.019166613642412882,1.0,1.1655345971767719,0.6461538901695838
45,45,0.01866661785886838,1.0,1.1644505995970507,0.6512820995770968
46,46,0.01820745120326487,1.0,1.163082173237434,0.6487179902883676
47,47,0.017784216369573887,1.0,1.1612708889521086,0.6512820904071515
48,48,0.017345737630071547,1.0,1.1601100609852717,0.6538461996958806
49,49,0.01693721362747825,1.0,1.15902873644462,0.6538461996958806
50,50,0.016538571387242813,1.0,1.157932923390315,0.6564102998146644
51,51,0.016165236333528392,1.0,1.1571108744694636,0.6564102998146644
52,52,0.01579814697974003,1.0,1.1559481850037208,0.6564102952296917
53,53,0.015447137608694343,1.0,1.1549522555791414,0.6564102952296917
54,54,0.015110972050863963,1.0,1.154041858819815,0.6564102952296917
55,55,0.014789917971938848,1.0,1.1531298343951886,0.6564102952296917
56,56,0.014482588005753664,1.0,1.1521723453815167,0.6564102952296917
57,57,0.014185292914939614,1.0,1.1509489462925837,0.6564102952296917
58,58,0.013890512466717225,1.0,1.1499468454947839,0.6589743953484756
59,59,0.01361262366677133,1.0,1.1487791859186613,0.6589743953484756
60,60,0.013351237687927026,1.0,1.147716646011059,0.6589743953484756
61,61,0.013099769613920497,1.0,1.1467730953143194,0.6589743907635028
62,62,0.012851875293283509,1.0,1.1459204462858348,0.6615384954672593
63,63,0.01261204151579967,1.0,1.145125334079449,0.6615384954672593
64,64,0.01238292120755292,1.0,1.1441203493338366,0.6615384954672593
65,65,0.012162507153474368,1.0,1.1430053069041326,0.6615384954672593
66,66,0.011951402456571277,1.0,1.1420218623601472,0.6615384954672593
67,67,0.011748508048745302,1.0,1.1410942077636719,0.6615384954672593
68,68,0.011545663878608208,1.0,1.140155512552995,0.6615384954672593
69,69,0.011352006453447618,1.0,1.1391386894079356,0.6615384954672593
70,70,0.011168728725841412,1.0,1.138172617325416,0.6615384954672593
71,71,0.010981181546902427,1.0,1.1372735912983234,0.6615384954672593
72,72,0.010801648613638602,1.0,1.136294695047232,0.6641026047559885
73,73,0.010626183554100303,1.0,1.1354564474179194,0.6589743953484756
74,74,0.010456830352688065,1.0,1.1345254136965826,0.6564102860597464
75,75,0.01029577308620971,1.0,1.1336562725213857,0.6564102860597464
76,76,0.010140337569352526,1.0,1.132944405078888,0.656410290644719
77,77,0.009987573175189586,1.0,1.1322755309251638,0.656410290644719
78,78,0.009840260474727703,1.0,1.1315602706028864,0.6538461905259353
79,79,0.00969537920676745,1.0,1.1310152044663062,0.6538461905259353
80,80,0.00955788273579226,1.0,1.130318467433636,0.6538461905259353
81,81,0.009420128718305092,1.0,1.129652582682096,0.6538461905259353
82,82,0.00928975879931106,1.0,1.1289616502248323,0.6538461905259353
83,83,0.009161592085057726,1.0,1.1282898371036236,0.6538461905259353
84,84,0.009035553962278824,1.0,1.1275837742365324,0.6538461905259353
85,85,0.008914850562667618,1.0,1.1269458624032826,0.6538461905259353
86,86,0.008798794373153495,1.0,1.1262658467659583,0.6538461905259353
87,87,0.008683944953820454,1.0,1.1257190658495977,0.6538461905259353
88,88,0.008571809086088952,1.0,1.1250781004245465,0.6538461905259353
89,89,0.00846078629211451,1.0,1.1244667997727027,0.6538461905259353
90,90,0.008355094621387811,1.0,1.1239767624781682,0.6538461905259353
91,91,0.008253187711278979,1.0,1.1234223613372216,0.6538461905259353
92,92,0.008150837518489705,1.0,1.122813655779912,0.6538461905259353
93,93,0.008051974922776796,1.0,1.1223012438187232,0.6538461905259353
94,94,0.007956343156715425,1.0,1.1217191402728741,0.6538461905259353
95,95,0.007863792796762517,1.0,1.12116251542018,0.6538461905259353
96,96,0.007770938870425408,1.0,1.1205752996297984,0.6538461905259353
97,97,0.007683202561635811,1.0,1.1199596982735853,0.6538461905259353
98,98,0.007594233163847373,1.0,1.1193871406408458,0.6538461905259353
99,99,0.0075067655326655275,1.0,1.1188313685930693,0.6538461905259353
100,100,0.007423268362449912,1.0,1.1182238597136278,0.6538461905259353
101,101,0.007343104207673325,1.0,1.1178122621316176,0.6538461905259353
102,102,0.0072618401161609935,1.0,1.1173597941031823,0.6538461905259353
103,103,0.007180841406807303,1.0,1.1169252487329335,0.6538461905259353
104,104,0.007103917215807507,1.0,1.1163396651928241,0.6538461905259353
105,105,0.0070281576884623905,1.0,1.1158766196324275,0.6538461905259353
106,106,0.006952929704521711,1.0,1.1154376818583562,0.6538461905259353
107,107,0.006880506291054189,1.0,1.1149577315037067,0.6538461905259353
108,108,0.006810553085345488,1.0,1.1144530085416942,0.6564102952296917
109,109,0.006741957273334265,1.0,1.114011246424455,0.6564102952296917
110,110,0.006672468815500347,1.0,1.1135421532851,0.6564102952296917
111,111,0.0066051546197671155,1.0,1.1130756369003882,0.6564102952296917
112,112,0.006540197825345855,1.0,1.1126599999574514,0.6564102952296917
113,113,0.00647572018743421,1.0,1.1121324438315172,0.6564102952296917
114,114,0.0064123955716450624,1.0,1.111741955463703,0.6564102952296917
115,115,0.006349742036456099,1.0,1.1113532506502593,0.6564102952296917
116,116,0.006288904428052215,1.0,1.1109306812286377,0.6564102952296917
117,117,0.006228630538456715,1.0,1.110587743612436,0.6589743999334482
118,118,0.006171826685134035,1.0,1.1101750410520113,0.6589743999334482
119,119,0.006115166497273514,1.0,1.1098606632306025,0.6589743999334482
120,120,0.0060586749146190975,1.0,1.1094461404360259,0.6589743999334482
121,121,0.006003769642959993,1.0,1.1090339101277864,0.6589743999334482
122,122,0.005948668784605196,1.0,1.10859057536492,0.6589743999334482
123,123,0.005894299489087784,1.0,1.1081681710023146,0.6589743999334482
124,124,0.005841730269961632,1.0,1.107793207351978,0.6589743999334482
125,125,0.005790017267617469,1.0,1.107355888073261,0.6589743999334482
126,126,0.005740027650832557,1.0,1.1069426857508147,0.6589743999334482
127,127,0.005690979368339937,1.0,1.1065419912338257,0.6589743999334482
128,128,0.005642797287481909,1.0,1.1060948738685021,0.6589743999334482
129,129,0.005595085694669531,1.0,1.1057103276252747,0.6589743999334482
130,130,0.0055483360327063845,1.0,1.1052937874427209,0.6589743999334482
131,131,0.005502578874046986,1.0,1.104882199030656,0.6589743999334482
132,132,0.00545752310874657,1.0,1.1045042184682994,0.6589743999334482
133,133,0.005412512046929736,1.0,1.104163137766031,0.6589743999334482
134,134,0.005368603106874686,1.0,1.1037799257498522,0.6589743999334482
135,135,0.005324595437671702,1.0,1.1034484643202562,0.6589743999334482
136,136,0.005281505577910978,1.0,1.1030543171442473,0.6615385046372046
137,137,0.005240030452394142,1.0,1.1027019619941711,0.6615385046372046
138,138,0.0051984328042285945,1.0,1.1023393823550298,0.6615385046372046
139,139,0.005157503451650532,1.0,1.1020212265161367,0.6615385046372046
140,140,0.005117199464271275,1.0,1.1016613245010376,0.6615385046372046
141,141,0.005077984264621941,1.0,1.1012865625894988,0.6641026093409612
142,142,0.0050391487222021586,1.0,1.1008942081378057,0.6641026093409612
143,143,0.005001064631729745,1.0,1.1004788600481474,0.6641026093409612
144,144,0.0049639551792866905,1.0,1.100141195150522,0.6641026093409612
145,145,0.0049271099179839855,1.0,1.0997657133982732,0.6641026093409612
146,146,0.004890851085432447,1.0,1.0994563973866975,0.6641026093409612
147,147,0.0048548361788002346,1.0,1.0991051334601183,0.6666667094597449
148,148,0.0048196072726008985,1.0,1.0988003015518188,0.6666667094597449
149,149,0.00478490147417268,1.0,1.0985735058784485,0.6666667094597449
150,150,0.004750556643837347,1.0,1.0982347222474904,0.6666667094597449
151,151,0.004716740876364593,1.0,1.097962118112124,0.6666667094597449
152,152,0.004683783600250116,1.0,1.0976696381202111,0.6641026093409612
153,153,0.004651332793470759,1.0,1.0973352881578298,0.6641026093409612
154,154,0.004618565838497419,1.0,1.0970618220476003,0.6641026093409612
155,155,0.004586540968515552,1.0,1.096821353985713,0.6641026093409612
156,156,0.004554855968588247,1.0,1.0964812773924608,0.6641026093409612
157,157,0.004524288824401223,1.0,1.0961596736541162,0.6641026093409612
158,158,0.004494205376921365,1.0,1.095862980072315,0.6641026093409612
159,159,0.0044643896578166345,1.0,1.0955589963839605,0.6666667094597449
160,160,0.004434865850131386,1.0,1.095311843431913,0.6641026093409612
161,161,0.004406122813144555,1.0,1.0950380380337055,0.6641026093409612
162,162,0.004376815103639204,1.0,1.0947590791262114,0.6666667094597449
163,163,0.004348812875552819,1.0,1.0945048057115996,0.6666667094597449
164,164,0.00432041688159538,1.0,1.0942127246123095,0.6641026093409612
165,165,0.004292766962092943,1.0,1.093917429447174,0.6641026093409612
166,166,0.0042650811060761604,1.0,1.0936204470120943,0.6666667094597449
167,167,0.0042383185131117124,1.0,1.0933619324977581,0.6641026093409612
168,168,0.0042116078592908494,1.0,1.0930728087058434,0.6641026093409612
169,169,0.0041855054352289206,1.0,1.0928027584002569,0.6641026093409612
170,170,0.004159723887614046,1.0,1.0925481502826397,0.6641026093409612
171,171,0.004133832184239649,1.0,1.0923027029404273,0.6641026093409612
172,172,0.004108498343087446,1.0,1.0920598873725305,0.6641026093409612
173,173,0.004083576321136206,1.0,1.0918000432161183,0.6641026093409612
174,174,0.0040592291132690245,1.0,1.0915510287651649,0.6666667140447177
175,175,0.004034899313969968,1.0,1.0912850545002863,0.6666667140447177
176,176,0.004010697844653175,1.0,1.0910796156296363,0.6666667140447177
177,177,0.00398709278446264,1.0,1.090818125468034,0.6666667140447177
178,178,0.003963519098201336,1.0,1.0905767312416663,0.6666667140447177
179,179,0.0039402315787111335,1.0,1.090334782233605,0.6666667140447177
180,180,0.003917400210271948,1.0,1.0901016272031343,0.6666667140447177
181,181,0.003894742493195316,1.0,1.0898292339765108,0.6666667140447177
182,182,0.0038724447725913846,1.0,1.0895767487012422,0.6666667140447177
183,183,0.0038504056910124537,1.0,1.0892822604912977,0.6666667140447177
184,184,0.0038284082995512737,1.0,1.0890359740990858,0.6666667140447177
185,185,0.003806786951967157,1.0,1.0887596148710985,0.6692308141635015
186,186,0.003785526626206075,1.0,1.0884992388578563,0.6692308141635015
187,187,0.003764309463664316,1.0,1.0882535576820374,0.671794918867258
188,188,0.0037430725418604338,1.0,1.0880026037876422,0.671794918867258
189,189,0.0037223874958446966,1.0,1.0877681374549866,0.671794918867258
190,190,0.003702145396695974,1.0,1.0875469950529246,0.671794918867258
191,191,0.0036818690938301957,1.0,1.08731681566972,0.671794918867258
192,192,0.0036621613544411957,1.0,1.087085783481598,0.671794918867258
193,193,0.0036421872299307813,1.0,1.0868649253478417,0.671794918867258
194,194,0.003622826757446791,1.0,1.0866208443274865,0.671794918867258
195,195,0.003603694767941936,1.0,1.0864035716423621,0.674359028155987
196,196,0.0035848682298539923,1.0,1.086146354675293,0.674359028155987
197,197,0.0035661663501881636,1.0,1.0859392377046437,0.674359028155987
198,198,0.003547695160915072,1.0,1.0856713881859412,0.674359028155987
199,199,0.0035294579171862165,1.0,1.0854692734204805,0.674359028155987
200,200,0.0035113503601258765,1.0,1.0852372508782606,0.674359028155987
201,201,0.0034934063039075295,1.0,1.0850247465647185,0.674359028155987
202,202,0.0034755083615891635,1.0,1.0848068365683923,0.674359028155987
203,203,0.003458104463509069,1.0,1.084612942658938,0.6717949280372033
204,204,0.00344090398777133,1.0,1.0843990720235384,0.6717949280372033
205,205,0.0034238871527262605,1.0,1.0842151733545156,0.6717949280372033
206,206,0.0034066429719902002,1.0,1.0839896706434398,0.6717949280372033
207,207,0.003389841500812998,1.0,1.08380310352032,0.6717949280372033
208,208,0.0033733500212502596,1.0,1.0836190352073083,0.6717949280372033
209,209,0.003356824512593448,1.0,1.0833951876713679,0.6717949280372033
210,210,0.0033405285256986436,1.0,1.0831973598553584,0.6717949280372033
211,211,0.0033243721610723208,1.0,1.0829897568776057,0.6717949280372033
212,212,0.003308445537606111,1.0,1.0827742952566881,0.6717949280372033
213,213,0.0032926810224755453,1.0,1.0825775036445031,0.6717949280372033
214,214,0.003276999368189046,1.0,1.0824155303148122,0.6717949280372033
215,215,0.003261439927602903,1.0,1.082228225011092,0.6717949280372033
216,216,0.0032462036962477635,1.0,1.082017788520226,0.6717949280372033
217,217,0.0032308759803597173,1.0,1.0818768785550044,0.6717949280372033
218,218,0.0032159163204666516,1.0,1.0816767399127667,0.6717949280372033
219,219,0.0032009422788038277,1.0,1.0814944780789888,0.6717949280372033
220,220,0.0031862834002822638,1.0,1.0813300426189716,0.6717949280372033
221,221,0.003171558966501974,1.0,1.0811488169890184,0.6717949280372033
222,222,0.00315710839528877,1.0,1.080982465010423,0.6717949280372033
223,223,0.003142545734030696,1.0,1.0808122616547804,0.6717949280372033
224,224,0.0031285481661773073,1.0,1.0806474823218126,0.6717949280372033
225,225,0.003114409113410287,1.0,1.0804775953292847,0.6717949280372033
226,226,0.0031005457455578903,1.0,1.0802958011627197,0.6717949280372033
227,227,0.003086593445354643,1.0,1.0801274226262019,0.6717949280372033
228,228,0.0030730174442466637,1.0,1.0799508553284864,0.6717949280372033
229,229,0.003059349734730159,1.0,1.079756961419032,0.6717949280372033
230,230,0.003045986912464007,1.0,1.0795943095133855,0.6717949280372033
231,231,0.0030327057510686037,1.0,1.0794069583599384,0.6717949280372033
232,232,0.0030194065094782184,1.0,1.079222206885998,0.6717949280372033
233,233,0.0030064751761249052,1.0,1.0790778077565706,0.6717949280372033
234,234,0.0029935479217853686,1.0,1.0788932809462914,0.6717949280372033
235,235,0.0029806356894998597,1.0,1.0787542783297026,0.6717949280372033
236,236,0.002967904093496215,1.0,1.07858630327078,0.6717949280372033
237,237,0.002955393991074883,1.0,1.0784230690736036,0.6717949280372033
238,238,0.0029429862311539743,1.0,1.0782886101649358,0.6717949280372033
239,239,0.002930610633204476,1.0,1.0781025473888104,0.6717949280372033
240,240,0.0029183432432966163,1.0,1.0779414589588459,0.6717949280372033
241,241,0.0029062328663153145,1.0,1.0777944234701304,0.6717949280372033
242,242,0.0028942668980632266,1.0,1.0776420052234943,0.6717949280372033
243,243,0.0028824142466944,1.0,1.0774669097020075,0.6717949280372033
244,244,0.002870664573632754,1.0,1.07732244179799,0.6717949280372033
245,245,0.0028588208728111708,1.0,1.077160473053272,0.6717949280372033
246,246,0.002847363800705912,1.0,1.0769714621397166,0.6717949280372033
247,247,0.002835856696877342,1.0,1.0768051972756019,0.6717949280372033
248,248,0.002824439617912643,1.0,1.0766649567163908,0.674359028155987
249,249,0.002813163007466266,1.0,1.0764866425440862,0.674359028155987
250,250,0.0028019554716033433,1.0,1.0763309368720422,0.674359028155987
251,251,0.002790843678387598,1.0,1.0761478772530189,0.6769231282747709
252,252,0.0027797883824230386,1.0,1.0760092735290527,0.674359028155987
253,253,0.0027689746930263937,1.0,1.0758588497455304,0.674359028155987
254,254,0.002758078971125472,1.0,1.075686684021583,0.6769231282747709
255,255,0.002747353703643267,1.0,1.0755261916380663,0.6769231282747709
256,256,0.0027367745373899546,1.0,1.0753642779130201,0.6769231282747709
257,257,0.0027261578809255017,1.0,1.075186523107382,0.6769231282747709
258,258,0.002715750754130288,1.0,1.0750347330020025,0.6769231282747709
259,259,0.002705375274392561,1.0,1.0748961522028997,0.6769231282747709
260,260,0.002695090459802976,1.0,1.0747352104920607,0.6769231282747709
261,261,0.002684738840728712,1.0,1.07458751476728,0.6769231282747709
262,262,0.002674636408650818,1.0,1.074417912043058,0.6769231282747709
263,263,0.002664611607682533,1.0,1.0742479379360492,0.6769231282747709
264,264,0.0026546252864556243,1.0,1.0741000267175527,0.6769231282747709
265,265,0.0026447447195935706,1.0,1.0739457653119013,0.6769231282747709
266,266,0.0026349158321793834,1.0,1.0737925401100745,0.6769231282747709
267,267,0.0026251691518924558,1.0,1.073671478491563,0.6769231282747709
268,268,0.002615502708627341,1.0,1.073513218989739,0.6769231282747709
269,269,0.0026059121233769334,1.0,1.073391162432157,0.6769231282747709
270,270,0.002596434877397349,1.0,1.0732450255980859,0.6769231282747709
271,271,0.002586966653605207,1.0,1.073115926522475,0.6769231282747709
272,272,0.002577602406605505,1.0,1.0729710322159987,0.6769231282747709
273,273,0.002568280149716884,1.0,1.0728307274671702,0.6769231282747709
274,274,0.002559114435616021,1.0,1.072699445944566,0.6769231282747709
275,275,0.0025499514125000974,1.0,1.072568682523874,0.6769231282747709
276,276,0.0025409584900794122,1.0,1.0724280522419856,0.6769231282747709
277,277,0.002531986526894168,1.0,1.072286266546983,0.6769231282747709
278,278,0.0025231121913888133,1.0,1.0721464294653673,0.6769231282747709
279,279,0.0025142454452669392,1.0,1.0720110673170824,0.6769231282747709
280,280,0.0025054500214397334,1.0,1.071851175564986,0.6769231282747709
281,281,0.002496816235809372,1.0,1.0717216867666979,0.6769231282747709
282,282,0.002488124121625263,1.0,1.071593743104201,0.6769231282747709
283,283,0.002479518347312338,1.0,1.0714811774400563,0.6769231282747709
284,284,0.002470877478257395,1.0,1.0713377870046175,0.6769231282747709
285,285,0.0024622491910122335,1.0,1.071208050617805,0.6769231282747709
286,286,0.0024538801472562435,1.0,1.0710862416487474,0.6769231282747709
287,287,0.0024454915009510633,1.0,1.0709757117124705,0.6769231282747709
288,288,0.0024371455611589435,1.0,1.0708628571950471,0.6769231282747709
289,289,0.0024288898163761655,1.0,1.0707126810000493,0.6769231282747709
290,290,0.002420658191952568,1.0,1.0706297159194946,0.6769231282747709
291,291,0.0024125782790808724,1.0,1.0704823319728558,0.6769231282747709
292,292,0.0024044784188915333,1.0,1.0703824024934034,0.6769231282747709
293,293,0.002396415180275933,1.0,1.0702700523229747,0.6769231282747709
294,294,0.0023884365442567146,1.0,1.0701465194041913,0.6769231282747709
295,295,0.0023805661520992336,1.0,1.0700288919302134,0.6769231282747709
296,296,0.002372717793780164,1.0,1.0699178576469421,0.6769231282747709
297,297,0.0023648898663500752,1.0,1.0698159612142122,0.6769231282747709
298,298,0.002357106248382479,1.0,1.069682790682866,0.6769231282747709
299,299,0.0023494717673971676,1.0,1.0695827007293701,0.6769231282747709
300,300,0.002341843407171277,1.0,1.0694638444827154,0.6769231282747709
301,301,0.0023343062896926245,1.0,1.0693298119765062,0.6769231282747709
302,302,0.002326769521459937,1.0,1.069233000278473,0.6769231282747709
303,303,0.0023192916369925323,1.0,1.0691173351727998,0.6769231282747709
304,304,0.0023119084966870453,1.0,1.0689894190201392,0.6769231282747709
305,305,0.0023046299734582696,1.0,1.0688952390964215,0.6769231282747709
306,306,0.002297323626967577,1.0,1.0687561356104338,0.6769231282747709
307,307,0.002290080883540213,1.0,1.0686437854400048,0.6769231282747709
308,308,0.0022828625694203833,1.0,1.0685630578261156,0.6769231282747709
309,309,0.002275678351557312,1.0,1.0684468471086943,0.6769231282747709
310,310,0.0022685606381855905,1.0,1.068367967238793,0.6769231282747709
311,311,0.002261538349557668,1.0,1.0682168419544513,0.6769231282747709
312,312,0.0022544605039561596,1.0,1.0681013969274669,0.6769231282747709
313,313,0.0022474835680511137,1.0,1.0679972309332628,0.6769231282747709
314,314,0.0022405887094254675,1.0,1.06787548156885,0.6769231282747709
315,315,0.0022337453914448046,1.0,1.0677729569948637,0.6769231282747709
316,316,0.002226866526493373,1.0,1.0676378470200758,0.6769231282747709
317,317,0.0022201088588469876,1.0,1.0675408106583815,0.6769231282747709
318,318,0.0022133224970625285,1.0,1.0674136556111848,0.6769231282747709
319,319,0.0022066392053742535,1.0,1.0673207869896522,0.6769231282747709
320,320,0.0021999617747496814,1.0,1.0672047642561107,0.6769231282747709
321,321,0.002193368120620457,1.0,1.0671008641903217,0.6769231282747709
322,322,0.0021867619406503555,1.0,1.0670037957338185,0.6769231282747709
323,323,0.002180298174677703,1.0,1.0668968925109277,0.6769231282747709
324,324,0.0021738067309622867,1.0,1.0668046245208154,0.6769231282747709
325,325,0.0021674045397398565,1.0,1.0666783956380992,0.6769231282747709
326,326,0.002160988504049153,1.0,1.0665834546089172,0.6769231282747709
327,327,0.002154613184617259,1.0,1.0664878395887523,0.6769231282747709
328,328,0.002148323108066017,1.0,1.066362513945653,0.6769231282747709
329,329,0.0021420991778051336,1.0,1.0662685082508967,0.6769231282747709
330,330,0.002135880584739005,1.0,1.06618332862854,0.6769231282747709
331,331,0.0021296759771827897,1.0,1.0660589795846205,0.6769231282747709
332,332,0.002123520024514829,1.0,1.0659730663666358,0.6769231282747709
333,333,0.002117419691505627,1.0,1.0658774834412794,0.6769231282747709
334,334,0.0021113446385313114,1.0,1.0657770954645598,0.6769231282747709
335,335,0.0021052952797617763,1.0,1.0656838646301856,0.6820513330973111
336,336,0.002099289820762351,1.0,1.065593068416302,0.6820513330973111
337,337,0.002093363958500469,1.0,1.0654889803666334,0.6820513330973111
338,338,0.0020874428804605626,1.0,1.065393246137179,0.6820513330973111
339,339,0.00208155091968365,1.0,1.0652981262940626,0.6820513330973111
340,340,0.0020757358154067053,1.0,1.0652196957514837,0.6820513330973111
341,341,0.0020699150605091397,1.0,1.0651086889780486,0.6820513330973111
342,342,0.002064135274849832,1.0,1.0650082230567932,0.6820513330973111
343,343,0.0020584126983661777,1.0,1.064914304476518,0.6820513330973111
344,344,0.002052710669186826,1.0,1.06481894162985,0.6820513330973111
345,345,0.0020470531039441433,1.0,1.064713166310237,0.6820513330973111
346,346,0.002041396521515428,1.0,1.0646233971302326,0.6820513330973111
347,347,0.002035818830616056,1.0,1.064524499269632,0.6820513330973111
348,348,0.002030280935846699,1.0,1.0644291043281555,0.6820513330973111
349,349,0.002024728551847287,1.0,1.0643337414814875,0.6820513330973111
350,350,0.0020192290696566207,1.0,1.0642247612659748,0.6820513330973111
351,351,0.0020137232987998198,1.0,1.0641186374884386,0.6820513330973111
352,352,0.0020082843637702842,1.0,1.0640271581136262,0.6820513330973111
353,353,0.0020028642589190546,1.0,1.0639515564991877,0.6820513330973111
354,354,0.0019975242612417787,1.0,1.0638381976347704,0.6820513330973111
355,355,0.0019921347422776027,1.0,1.0637474014208868,0.6820513330973111
356,356,0.0019868493881613877,1.0,1.0636563484485333,0.6820513330973111
357,357,0.0019815795105667068,1.0,1.0635479275996869,0.6820513330973111
358,358,0.0019763246975624217,1.0,1.0634769751475408,0.6820513330973111
359,359,0.001971080433577299,1.0,1.0633887969530547,0.6820513330973111
360,360,0.0019658569877859778,1.0,1.0632920586145842,0.6820513330973111
361,361,0.0019606609309378723,1.0,1.0632038070605352,0.6820513330973111
362,362,0.0019555831677280366,1.0,1.0631344364239619,0.6820513330973111
363,363,0.0019504838206697828,1.0,1.0630328425994287,0.6820513330973111
364,364,0.0019453545548738195,1.0,1.0629505102451031,0.6820513330973111
365,365,0.0019403116199940157,1.0,1.0628664264312158,0.6820513330973111
366,366,0.0019352974956676078,1.0,1.0627780969326313,0.6820513330973111
367,367,0.0019303616225862731,1.0,1.0626978324009821,0.6820513330973111
368,368,0.0019253734006689717,1.0,1.0626112818717957,0.6820513330973111
369,369,0.001920486594407031,1.0,1.062526102249439,0.6820513330973111
370,370,0.001915590291341337,1.0,1.0624443430166979,0.6820513330973111
371,371,0.0019107289621248268,1.0,1.0623557980243976,0.6820513330973111
372,372,0.0019059190190791225,1.0,1.0622878808241625,0.6820513330973111
373,373,0.0019010711291160148,1.0,1.0622006150392385,0.6820513330973111
374,374,0.0018963368627457665,1.0,1.0621142570789044,0.6820513330973111
375,375,0.0018915675911837472,1.0,1.0620184815846956,0.6820513330973111
376,376,0.0018868402201825609,1.0,1.0619356540533214,0.6820513330973111
377,377,0.0018821872005131668,1.0,1.0618661917172945,0.6820513330973111
378,378,0.0018775195125132226,1.0,1.0617668078495905,0.6820513330973111
379,379,0.0018728555162222339,1.0,1.0617036452660193,0.6820513330973111
380,380,0.0018682191260338116,1.0,1.0616076359382043,0.6820513330973111
381,381,0.0018636531066686774,1.0,1.0615196915773244,0.6820513330973111
382,382,0.0018590763838102038,1.0,1.0614536496309133,0.6820513330973111
383,383,0.0018545324318648244,1.0,1.0613722938757677,0.6820513330973111
384,384,0.0018499824487102719,1.0,1.061287183028001,0.6820513330973111
385,385,0.0018455161211582331,1.0,1.0611984821466298,0.6820513330973111
386,386,0.0018410106176116432,1.0,1.0611279881917512,0.6820513330973111
387,387,0.0018365813974434366,1.0,1.061044637973492,0.6820513330973111
388,388,0.0018321221130183684,1.0,1.060966500869164,0.6820513330973111
389,389,0.001827681358778276,1.0,1.0608628667317903,0.6820513330973111
390,390,0.0018233185938487833,1.0,1.0607785032345698,0.6820513330973111
391,391,0.0018189659324259711,1.0,1.0607202236468976,0.6820513330973111
392,392,0.0018145904110637135,1.0,1.0606380242567797,0.6820513330973111
393,393,0.001810294797626109,1.0,1.0605328633235052,0.6820513330973111
394,394,0.001806010420505817,1.0,1.0604630892093365,0.6820513330973111
395,395,0.0018017408661902524,1.0,1.0603876297290509,0.6820513330973111
396,396,0.0017975215629961055,1.0,1.0603038806181688,0.6820513330973111
397,397,0.0017932612704148947,1.0,1.0602260277821467,0.6820513330973111
398,398,0.0017890687808036231,1.0,1.0601439155065095,0.6820513330973111
399,399,0.0017848716703995776,1.0,1.0600669796650226,0.6820513330973111
400,400,0.0017806785225939865,1.0,1.0599895669863775,0.6820513330973111
401,401,0.0017765218530817388,1.0,1.0599077802438002,0.6820513330973111
402,402,0.0017724263575823547,1.0,1.059854874244103,0.6820513330973111
403,403,0.0017683136236603158,1.0,1.0597548622351427,0.6820513330973111
404,404,0.0017642158513458876,1.0,1.0596845837739797,0.6820513330973111
405,405,0.0017601605840564633,1.0,1.059598757670476,0.6820513330973111
406,406,0.0017561455897521228,1.0,1.0595203042030334,0.6820513330973111
407,407,0.001752102255033186,1.0,1.059450062421652,0.6820513330973111
408,408,0.0017481117191402097,1.0,1.0593760105279775,0.6820513330973111
409,409,0.0017441197907408844,1.0,1.0592873188165517,0.6820513330973111
410,410,0.0017401614929370296,1.0,1.0592003556398244,0.6820513330973111
411,411,0.0017362079793551506,1.0,1.0591243413778453,0.6820513330973111
412,412,0.0017322961133546554,1.0,1.0590433799303496,0.6820513330973111
413,413,0.0017283768012510757,1.0,1.0589892038932214,0.6820513330973111
414,414,0.0017245039993073218,1.0,1.0589047211867113,0.6820513330973111
415,415,0.0017206529088210887,1.0,1.0588132509818444,0.6820513330973111
416,416,0.0017167959550323968,1.0,1.0587595930466285,0.6820513330973111
417,417,0.001712968337904805,1.0,1.0586608556600718,0.6820513330973111
418,418,0.0017091477683816964,1.0,1.0585850385519175,0.6820513330973111
419,419,0.0017053710851961603,1.0,1.0585200511492217,0.6820513330973111
420,420,0.0017016096031651474,1.0,1.058446352298443,0.6820513330973111
421,421,0.0016978343796486466,1.0,1.0583764635599577,0.6820513330973111
422,422,0.0016941144422162324,1.0,1.058295868910276,0.6820513330973111
423,423,0.0016903877213525658,1.0,1.0582116475472083,0.6820513330973111
424,424,0.0016866946758594937,1.0,1.0581351518630981,0.6820513330973111
425,425,0.0016830063339931746,1.0,1.0580647862874544,0.6820513330973111
426,426,0.001679362610537702,1.0,1.057988533606896,0.6820513330973111
427,427,0.0016756839423368757,1.0,1.0579236103938177,0.6820513330973111
428,428,0.0016720577169997762,1.0,1.0578513191296504,0.6820513330973111
429,429,0.0016684495696189026,1.0,1.057792869897989,0.6820513330973111
430,430,0.0016648389551287086,1.0,1.0577094509051397,0.6820513330973111
431,431,0.00166125351545186,1.0,1.0576513776412377,0.6820513330973111
432,432,0.0016577365302230017,1.0,1.057578375706306,0.6820513330973111
433,433,0.0016541984738208926,1.0,1.0575189269506013,0.6820513330973111
434,434,0.0016506502960020532,1.0,1.0574357830561125,0.6820513330973111
435,435,0.001647157301284516,1.0,1.0573566601826594,0.6820513330973111
436,436,0.0016436915276034807,1.0,1.057302021063291,0.6820513330973111
437,437,0.0016401807996981705,1.0,1.05722170151197,0.6820513330973111
438,438,0.001636736193456902,1.0,1.0571532799647405,0.6820513330973111
439,439,0.0016332791330149542,1.0,1.0570876506658702,0.6820513330973111
440,440,0.0016298779922250945,1.0,1.0570181287251985,0.6820513330973111
441,441,0.0016264522900410856,1.0,1.0569394872738764,0.6820513330973111
442,442,0.001623052535041307,1.0,1.0568749537834754,0.6820513330973111
443,443,0.0016196681468640096,1.0,1.0568081782414362,0.6820513330973111
444,444,0.0016162867675750302,1.0,1.0567421271250799,0.6820513330973111
445,445,0.0016129500044581408,1.0,1.0566482177147498,0.6820513330973111
446,446,0.0016096196150801217,1.0,1.0565898418426514,0.6820513330973111
447,447,0.0016062755916769116,1.0,1.0565253404470591,0.6820513330973111
448,448,0.001602984176805386,1.0,1.056455896450923,0.6820513330973111
449,449,0.001599694729800551,1.0,1.0563875849430377,0.684615433216095
450,450,0.0015964307374535846,1.0,1.0563105115523705,0.684615433216095
451,451,0.0015931536394278877,1.0,1.0562471472300017,0.684615433216095
452,452,0.0015899106913890976,1.0,1.0561688313117394,0.684615433216095
453,453,0.0015866667762076338,1.0,1.0561105608940125,0.684615433216095
454,454,0.0015834479350954867,1.0,1.056032318335313,0.684615433216095
455,455,0.00158023980867046,1.0,1.0559591421714196,0.684615433216095
456,456,0.0015770706477969026,1.0,1.0558912616509657,0.684615433216095
457,457,0.001573873551723619,1.0,1.0558353112294123,0.684615433216095
458,458,0.0015707155779147376,1.0,1.0557606403644269,0.684615433216095
459,459,0.00156755165125315,1.0,1.0556825536947985,0.684615433216095
460,460,0.0015644254610658838,1.0,1.05561809356396,0.684615433216095
461,461,0.0015612950060480775,1.0,1.055561588360713,0.684615433216095
462,462,0.0015582079157376518,1.0,1.0554962020653944,0.684615433216095
463,463,0.0015551052660717128,1.0,1.055430334347945,0.684615433216095
464,464,0.0015520453229188346,1.0,1.0553656403835003,0.684615433216095
465,465,0.0015489454202067393,1.0,1.055283514352945,0.684615433216095
466,466,0.0015459007005959463,1.0,1.0552078577188344,0.684615433216095
467,467,0.0015428498714195134,1.0,1.0551603986666753,0.684615433216095
468,468,0.0015398211835417897,1.0,1.0550996844585125,0.684615433216095
469,469,0.0015367920904491956,1.0,1.055020034313202,0.684615433216095
470,470,0.0015338139290599008,1.0,1.0549639096626868,0.684615433216095
471,471,0.001530792266399098,1.0,1.0549093851676354,0.684615433216095
472,472,0.0015278297427217835,1.0,1.054857258613293,0.684615433216095
473,473,0.0015248455366907786,1.0,1.0547952239329998,0.684615433216095
474,474,0.0015219127347406286,1.0,1.054728388786316,0.684615433216095
475,475,0.0015189769350959419,1.0,1.0546697148909936,0.684615433216095
476,476,0.0015160366489838522,1.0,1.054611018070808,0.684615433216095
477,477,0.0015131473684540163,1.0,1.0545536554776704,0.684615433216095
478,478,0.0015102269736906658,1.0,1.0544974849774287,0.684615433216095
479,479,0.001507350348849566,1.0,1.0544412594575148,0.684615433216095
480,480,0.0015045007883320348,1.0,1.0543826956015367,0.684615433216095
481,481,0.0015016501397789957,1.0,1.054313485439007,0.684615433216095
482,482,0.0014987898130829518,1.0,1.0542545868800237,0.684615433216095
483,483,0.0014959572402473826,1.0,1.0542006263366113,0.684615433216095
484,484,0.0014931203175085382,1.0,1.0541269549956689,0.684615433216095
485,485,0.0014903115135474275,1.0,1.0540659427642822,0.684615433216095
486,486,0.001487519892040067,1.0,1.0540118309167714,0.684615433216095
487,487,0.0014847622705229486,1.0,1.0539356882755573,0.6820513285123385
488,488,0.0014819444443743962,1.0,1.0538903291408832,0.684615433216095
489,489,0.001479189869804451,1.0,1.0538317148502057,0.684615433216095
490,490,0.0014764372586236836,1.0,1.0537681533740118,0.6820513285123385
491,491,0.0014736891294328065,1.0,1.0537133171008184,0.6820513285123385
492,492,0.0014709600341470481,1.0,1.0536507413937495,0.6820513285123385
493,493,0.0014682508458813222,1.0,1.0535923701066237,0.6820513285123385
494,494,0.0014655233222024085,1.0,1.053523247058575,0.6820513285123385
495,495,0.0014628325409900683,1.0,1.0534732250066905,0.6820513285123385
496,496,0.0014601358964752692,1.0,1.0534124236840468,0.6820513285123385
497,497,0.0014574550038490158,1.0,1.053354194531074,0.6820513285123385
498,498,0.0014547857908138002,1.0,1.0533120357073271,0.6820513285123385
499,499,0.001452127549922667,1.0,1.0532401662606459,0.6820513285123385
500,500,0.0014494732917787938,1.0,1.053195710365589,0.6820513285123385
501,501,0.001446845786771379,1.0,1.0531310209861169,0.6820513285123385
502,502,0.0014442403782875491,1.0,1.0530813886569097,0.6820513285123385
503,503,0.0014416265184991062,1.0,1.053022292944101,0.6820513285123385
504,504,0.0014390185264906345,1.0,1.0529668881342962,0.6820513285123385
505,505,0.0014364438583680356,1.0,1.0529131981042714,0.6820513285123385
506,506,0.001433850165295343,1.0,1.0528476650898273,0.6820513285123385
507,507,0.001431263374307981,1.0,1.0528040711696331,0.6820513285123385
508,508,0.0014287108788266778,1.0,1.0527409819456248,0.6820513285123385
509,509,0.0014261583766291062,1.0,1.0526861319175134,0.6820513285123385
510,510,0.0014236176234240143,1.0,1.052612882394057,0.6820513285123385
511,511,0.001421089922167504,1.0,1.0525737496522756,0.6820513285123385
512,512,0.001418553265886238,1.0,1.0525238238848174,0.6820513285123385
513,513,0.0014160465171489005,1.0,1.0524625365550702,0.6820513285123385
514,514,0.0014135332760186149,1.0,1.0524112352958093,0.6820513285123385
515,515,0.0014110415403802807,1.0,1.0523423598362849,0.6820513285123385
516,516,0.001408562556697199,1.0,1.052292512013362,0.6820513285123385
517,517,0.0014060630212323023,1.0,1.0522385652248676,0.6820513285123385
518,518,0.0014036061295952934,1.0,1.052194288143745,0.6820513285123385
519,519,0.0014011581437304043,1.0,1.052130089356349,0.6820513285123385
520,520,0.001398705678114381,1.0,1.0520846889569209,0.6820513285123385
521,521,0.0013962603787569185,1.0,1.0520249742728014,0.6820513285123385
522,522,0.001393833806594977,1.0,1.0519813345028803,0.6820513285123385
523,523,0.0013914086470881908,1.0,1.0519250402083764,0.6820513285123385
524,524,0.001388998932760352,1.0,1.0518785073206975,0.6820513285123385
525,525,0.0013865812932356046,1.0,1.0518222451210022,0.6820513285123385
526,526,0.0013842112608612156,1.0,1.0517669778603773,0.6820513285123385
527,527,0.0013818138977512717,1.0,1.0517287346032949,0.6820513285123385
528,528,0.001379461009771778,1.0,1.051663705935845,0.6820513285123385
529,529,0.0013770917811108609,1.0,1.0516106211222136,0.6820513285123385
530,530,0.001374724484496535,1.0,1.0515742347790644,0.6820513285123385
531,531,0.0013723949109239934,1.0,1.0515160881555998,0.6820513285123385
532,532,0.001370035062651508,1.0,1.0514587393173804,0.6820513285123385
533,533,0.0013677173992618918,1.0,1.0514132563884442,0.6820513285123385
534,534,0.0013653978888984197,1.0,1.0513663658728967,0.6820513285123385
535,535,0.0013630889790455024,1.0,1.0513209700584412,0.6820513285123385
536,536,0.0013607815333391325,1.0,1.0512651984508221,0.6820513285123385
537,537,0.0013584952774600913,1.0,1.05122604736915,0.6820513285123385
538,538,0.001356210841689832,1.0,1.0511713394751916,0.6820513285123385
539,539,0.0013539320587789496,1.0,1.051125054176037,0.6820513285123385
540,540,0.0013516693434212357,1.0,1.051070043673882,0.6820513285123385
541,541,0.0013493997886633645,1.0,1.0510154091394865,0.6820513285123385
542,542,0.0013471439350933696,1.0,1.0509725213050842,0.6820513285123385
543,543,0.0013449157189685279,1.0,1.050913338477795,0.6820513285123385
544,544,0.0013426686569940872,1.0,1.0508759526106028,0.6820513285123385
545,545,0.0013404377207804758,1.0,1.0508089982546294,0.6820513285123385
546,546,0.0013382265930816245,1.0,1.0507636757997365,0.6820513285123385
547,547,0.0013360055902292235,1.0,1.0507161433880146,0.6820513285123385
548,548,0.0013337863224128692,1.0,1.0506638884544373,0.6820513285123385
549,549,0.0013315892093277608,1.0,1.0506134262451758,0.6820513285123385
550,550,0.0013293968827033846,1.0,1.050561432655041,0.6820513285123385
551,551,0.0013272178251869404,1.0,1.050513560955341,0.6820513285123385
552,552,0.0013250307372520463,1.0,1.0504560699829688,0.6820513285123385
553,553,0.0013228807567009847,1.0,1.0504110272114093,0.6820513285123385
554,554,0.0013207157988710185,1.0,1.050373490040119,0.6820513285123385
555,555,0.0013185579401369279,1.0,1.0503260309879596,0.6820513285123385
556,556,0.0013164241681806743,1.0,1.050274064907661,0.6820513285123385
557,557,0.0013142939110716374,1.0,1.0502320436330943,0.6820513285123385
558,558,0.0013121658815250087,1.0,1.0501851256077106,0.6820513285123385
559,559,0.0013100431690243287,1.0,1.0501443835405202,0.6820513285123385
560,560,0.0013079364681079125,1.0,1.0500856271156898,0.6820513285123385
561,561,0.0013058174943300681,1.0,1.0500576633673449,0.6820513285123385
562,562,0.001303734821983828,1.0,1.0500050141261175,0.6820513285123385
563,563,0.0013016338366119622,1.0,1.0499628828122065,0.6820513285123385
564,564,0.0012995535261535014,1.0,1.0499219252513006,0.6820513285123385
565,565,0.0012974832229352056,1.0,1.0498583821149974,0.6820513285123385
566,566,0.0012954065616493328,1.0,1.0498229127663832,0.6820513285123385
567,567,0.0012933559930668427,1.0,1.0497740415426402,0.6820513285123385
568,568,0.0012913019118758922,1.0,1.0497337533877447,0.6820513285123385
569,569,0.001289259268490311,1.0,1.0496779542702894,0.6820513285123385
570,570,0.0012872212078386487,1.0,1.049650183090797,0.6820513285123385
571,571,0.0012851875754467284,1.0,1.0495849710244398,0.6820513285123385
572,572,0.0012831765656860976,1.0,1.04954482958867,0.6820513285123385
573,573,0.0012811559785264903,1.0,1.0495101671952467,0.6820513285123385
574,574,0.0012791487186824759,1.0,1.0494651794433594,0.6820513285123385
575,575,0.0012771347358536262,1.0,1.049416693357321,0.6820513285123385
576,576,0.0012751632602885365,1.0,1.0493747225174537,0.6820513285123385
577,577,0.0012731540101902704,1.0,1.0493259108983553,0.6820513285123385
578,578,0.0012711816816590726,1.0,1.0492894191008348,0.6820513285123385
579,579,0.0012692079673377941,1.0,1.0492399885104253,0.6820513285123385
580,580,0.0012672434207231093,1.0,1.0492027631172767,0.6820513285123385
581,581,0.0012652780233810728,1.0,1.0491530574285066,0.6820513285123385
582,582,0.0012633227116356676,1.0,1.0491005594913776,0.6820513285123385
583,583,0.001261380250350787,1.0,1.0490637375758245,0.6820513285123385
584,584,0.0012594349950981827,1.0,1.0490214916375966,0.6820513285123385
585,585,0.0012575042290756335,1.0,1.0489606032004724,0.6820513285123385
586,586,0.0012555652893542384,1.0,1.0489378021313593,0.6820513285123385
587,587,0.0012536597653077198,1.0,1.048892773114718,0.6820513285123385
588,588,0.0012517303582101774,1.0,1.0488400780237639,0.6820513285123385
589,589,0.0012498240797028232,1.0,1.0487899046677809,0.6820513285123385
590,590,0.001247929397952528,1.0,1.048752514215616,0.6820513285123385
591,591,0.0012460484957465758,1.0,1.048693088384775,0.6820513285123385
592,592,0.0012441407441376494,1.0,1.0486715894479017,0.6820513285123385
593,593,0.0012422558972432923,1.0,1.0486222964066725,0.6820513285123385
594,594,0.0012404043630410272,1.0,1.0485656398993273,0.6820513285123385
595,595,0.0012385147587897687,1.0,1.048521454517658,0.6820513285123385
596,596,0.0012366584940956761,1.0,1.0484757606799786,0.6820513285123385
597,597,0.001234805513656913,1.0,1.0484364582942083,0.6820513285123385
598,598,0.0012329502429705686,1.0,1.048391580581665,0.6820513285123385
599,599,0.0012311043392401189,1.0,1.0483467670587392,0.6820513285123385
600,600,0.0012292759336280422,1.0,1.048309793839088,0.6820513285123385
601,601,0.0012274243904707523,1.0,1.0482531877664418,0.6820513285123385
602,602,0.001225593963261837,1.0,1.0482069253921509,0.6820513285123385
603,603,0.0012237817192306886,1.0,1.0481602962200458,0.6820513285123385
604,604,0.001221966549145201,1.0,1.0481227040290833,0.6820513285123385
605,605,0.0012201523103822882,1.0,1.048071251465724,0.6820513285123385
606,606,0.0012183617106459748,1.0,1.0480287166742177,0.6820513285123385
607,607,0.0012165546247090858,1.0,1.0479961404433618,0.6820513285123385
608,608,0.0012147707524351203,1.0,1.0479469161767225,0.6820513285123385
609,609,0.0012129865421089702,1.0,1.0478972930174608,0.6820513285123385
610,610,0.0012112154128352324,1.0,1.0478574816997235,0.6820513285123385
611,611,0.0012094135902141435,1.0,1.0478156208992004,0.6820513285123385
612,612,0.0012076712603000207,1.0,1.0477656080172613,0.6820513285123385
613,613,0.0012059073622087734,1.0,1.047726686184223,0.6820513285123385
614,614,0.0012041457319775452,1.0,1.0476701947358937,0.6820513285123385
615,615,0.0012023942768931962,1.0,1.0476306631014898,0.6820513285123385
616,616,0.0012006572819350718,1.0,1.0475869866517873,0.6820513285123385
617,617,0.0011989167139220696,1.0,1.0475449791321387,0.6820513285123385
618,618,0.0011971896478476433,1.0,1.0475110915990977,0.6820513285123385
619,619,0.0011954588408116251,1.0,1.0474621882805457,0.6820513285123385
620,620,0.0011937348955633263,1.0,1.0474224778322072,0.6820513285123385
621,621,0.0011920127793788337,1.0,1.0473721485871534,0.6820513285123385
622,622,0.0011903143134147215,1.0,1.0473397970199585,0.6820513285123385
623,623,0.0011885912703851669,1.0,1.0472925488765423,0.6820513285123385
624,624,0.0011869019586951113,1.0,1.0472491429402278,0.6820513285123385
625,625,0.0011851993644645868,1.0,1.0472034124227672,0.6820513285123385
626,626,0.0011835165339736985,1.0,1.0471660632353563,0.6820513285123385
627,627,0.001181815932236182,1.0,1.0471359674747174,0.6820513285123385
628,628,0.0011801474253073907,1.0,1.0470978205020611,0.6820513285123385
629,629,0.0011784596225390066,1.0,1.047041920515207,0.6820513285123385
630,630,0.0011768032563850284,1.0,1.0470176339149475,0.6820513285123385
631,631,0.0011751254496630281,1.0,1.046967964905959,0.6820513285123385
632,632,0.001173461292637512,1.0,1.0469218309109027,0.6820513285123385
633,633,0.0011718194134748327,1.0,1.046887925037971,0.6820513285123385
634,634,0.0011701639607333792,1.0,1.0468482283445506,0.6820513285123385
635,635,0.0011685075901018886,1.0,1.0468062575046833,0.6820513285123385
636,636,0.0011668730339107032,1.0,1.046760109754709,0.6820513285123385
637,637,0.0011652499311961806,1.0,1.046727405144618,0.6820513285123385
638,638,0.001163615063817885,1.0,1.0466863467143133,0.6820513285123385
639,639,0.0011619857552712066,1.0,1.0466664387629583,0.6820513285123385
640,640,0.0011603681263155662,1.0,1.0466110889728253,0.6820513285123385
641,641,0.001158757063631828,1.0,1.0465815525788527,0.6820513285123385
642,642,0.0011571477538941859,1.0,1.0465401044258704,0.6820513285123385
643,643,0.0011555465417376792,1.0,1.0464973908204298,0.6820513285123385
644,644,0.0011539482757843172,1.0,1.046462976015531,0.6820513285123385
645,645,0.0011523476591369568,1.0,1.0464189556928782,0.6820513285123385
646,646,0.0011507704039104283,1.0,1.0463861456284156,0.6820513285123385
647,647,0.0011491823623565813,1.0,1.0463519325623145,0.6820513285123385
648,648,0.0011476034056753493,1.0,1.046294404910161,0.6820513285123385
649,649,0.0011460355890449136,1.0,1.0462781465970552,0.6820513285123385
650,650,0.0011444744103265782,1.0,1.0462299585342407,0.6820513285123385
651,651,0.0011428998841438442,1.0,1.046190734093006,0.6820513285123385
652,652,0.0011413458694453137,1.0,1.0461444487938514,0.6820513285123385
653,653,0.0011397867570989407,1.0,1.0461091628441443,0.6820513285123385
654,654,0.00113822999320781,1.0,1.0460749451930706,0.6820513285123385
655,655,0.001136691907259564,1.0,1.0460347900023828,0.6820513285123385
656,656,0.001135161556213951,1.0,1.0459888210663428,0.6820513285123385
657,657,0.0011336185338083082,1.0,1.0459550389876733,0.6820513285123385
658,658,0.0011320771009195596,1.0,1.0459212110592768,0.6820513285123385
659,659,0.0011305511647011512,1.0,1.0458840865355272,0.6820513285123385
660,660,0.0011290279664815618,1.0,1.0458410198871906,0.6820513285123385
661,661,0.0011275104032113003,1.0,1.0458024052473216,0.6820513285123385
662,662,0.0011260037628324847,1.0,1.0457686873582692,0.6820513285123385
663,663,0.0011244940710289834,1.0,1.045726166321681,0.6820513285123385
664,664,0.0011229801793188716,1.0,1.0456828841796288,0.6820513285123385
665,665,0.0011214859640369047,1.0,1.0456501520597017,0.6820513285123385
666,666,0.0011199871816923125,1.0,1.0456112669064448,0.6820513285123385
667,667,0.0011184999849109983,1.0,1.0455716940072866,0.6820513285123385
668,668,0.0011170190521695006,1.0,1.0455432763466468,0.6820513285123385
669,669,0.0011155229160347236,1.0,1.0455131530761719,0.6820513285123385
670,670,0.0011140525860425371,1.0,1.045474226658161,0.6820513285123385
671,671,0.0011125667526637418,1.0,1.0454290692622845,0.6820513285123385
672,672,0.0011111074283969803,1.0,1.0454016786355238,0.6820513285123385
673,673,0.001109642563208651,1.0,1.045356301160959,0.6820513285123385
674,674,0.0011081748167411066,1.0,1.0453249445328345,0.6820513285123385
675,675,0.0011067162245476188,1.0,1.0452869351093586,0.6820513285123385
676,676,0.001105268790314977,1.0,1.0452525615692139,0.6820513285123385
677,677,0.0011038237582677258,1.0,1.0452207601987398,0.6820513285123385
678,678,0.0011023756277819092,1.0,1.0451687207588782,0.6820513285123385
679,679,0.0011009341195368995,1.0,1.0451532694009633,0.6820513285123385
680,680,0.0010995022401822587,1.0,1.0451197761755724,0.6820513285123385
681,681,0.0010980788770561607,1.0,1.0450824132332435,0.6820513285123385
682,682,0.0010966483655815513,1.0,1.0450483698111315,0.6820513285123385
683,683,0.0010952232696581632,1.0,1.045016206227816,0.6820513285123385
684,684,0.00109380266467969,1.0,1.0449871054062476,0.6820513285123385
685,685,0.001092389391627736,1.0,1.0449577019764826,0.6820513285123385
686,686,0.0010909861717104481,1.0,1.0449057496511018,0.6820513285123385
687,687,0.0010895836536432258,1.0,1.0448738840910106,0.6820513285123385
688,688,0.0010881775390141858,1.0,1.0448371263650746,0.6820513285123385
689,689,0.0010867709699176396,1.0,1.044818667265085,0.6820513285123385
690,690,0.0010853944717942236,1.0,1.0447736015686622,0.6820513285123385
691,691,0.0010840014617245358,1.0,1.044740039568681,0.6820513285123385
692,692,0.0010826077352528675,1.0,1.0447065096635084,0.6820513285123385
693,693,0.0010812274681834073,1.0,1.0446624343211834,0.6820513285123385
694,694,0.0010798485320545016,1.0,1.0446305779310374,0.6820513285123385
695,695,0.0010784717070726822,1.0,1.0446074146490831,0.6820513285123385
696,696,0.0010771167155605955,1.0,1.044560262790093,0.6820513285123385
697,697,0.0010757317213574424,1.0,1.0445243257742662,0.6820513285123385
698,698,0.0010743829099318157,1.0,1.0444914102554321,0.6820513285123385
699,699,0.0010730287545951656,1.0,1.044459425486051,0.6820513285123385
700,700,0.0010716682490265856,1.0,1.044420865865854,0.6820513285123385
701,701,0.0010703088292547574,1.0,1.0443875973041241,0.6820513285123385
702,702,0.0010689687792014761,1.0,1.0443434394322908,0.6820513285123385
703,703,0.0010676250161710554,1.0,1.044320060656621,0.6820513285123385
704,704,0.0010662844254581544,1.0,1.0442808545552766,0.6820513285123385
705,705,0.001064960022071878,1.0,1.0442457244946406,0.6820513285123385
706,706,0.0010636264520983857,1.0,1.0442024285976703,0.6820513285123385
707,707,0.0010622903579272903,1.0,1.044173722083752,0.6820513285123385
708,708,0.0010609659545410138,1.0,1.044140297632951,0.6820513285123385
709,709,0.0010596542169178764,1.0,1.0441001607821538,0.6820513285123385
710,710,0.0010583310358924791,1.0,1.0440625685911913,0.6820513285123385
711,711,0.0010570285197060842,1.0,1.0440359711647034,0.6820513285123385
712,712,0.0010557081561553506,1.0,1.0439981038753803,0.6820513285123385
713,713,0.00105441440805757,1.0,1.0439559863163874,0.6820513285123385
714,714,0.0010530965440781214,1.0,1.0439315071472755,0.6820513285123385
715,715,0.0010518019698793069,1.0,1.0439012050628662,0.6820513285123385
716,716,0.0010505047237249808,1.0,1.0438677164224477,0.6820513285123385
717,717,0.0010491972408579807,1.0,1.0438328293653636,0.6820513285123385
718,718,0.0010479165435894034,1.0,1.0437928896683912,0.6820513285123385
719,719,0.0010466311180677551,1.0,1.043771661244906,0.6820513285123385
720,720,0.0010453393591048482,1.0,1.0437374665186956,0.6820513285123385
721,721,0.0010440682728165905,1.0,1.0436911353698144,0.6820513285123385
722,722,0.0010427849035925018,1.0,1.0436601363695586,0.6820513285123385
723,723,0.001041515491893873,1.0,1.0436157171542828,0.6820513285123385
724,724,0.0010402560740028722,1.0,1.0435927326862628,0.6820513285123385
725,725,0.0010389872040832415,1.0,1.043552238207597,0.6820513285123385
726,726,0.001037717719625037,1.0,1.0435262414125295,0.6820513285123385
727,727,0.001036470196245668,1.0,1.0434968838324914,0.6820513285123385
728,728,0.0010352050717651413,1.0,1.043455802477323,0.6820513285123385
729,729,0.0010339667261667694,1.0,1.0434279212584863,0.6820513285123385
730,730,0.0010327187438423817,1.0,1.0434049734702477,0.6820513285123385
731,731,0.0010314649944820513,1.0,1.0433600544929504,0.6820513285123385
732,732,0.0010302317946647795,1.0,1.0433222009585454,0.6820513285123385
733,733,0.0010289856593142478,1.0,1.0432882905006409,0.6820513285123385
734,734,0.0010277548717567697,1.0,1.0432577499976525,0.6820513285123385
735,735,0.001026520618604711,1.0,1.0432219000963063,0.6820513285123385
736,736,0.0010252838658813674,1.0,1.043190428843865,0.6820513285123385
737,737,0.0010240673302457882,1.0,1.043164413708907,0.6820513285123385
738,738,0.001022851089006648,1.0,1.0431393660031831,0.6820513285123385
739,739,0.001021631733657649,1.0,1.0430857355778034,0.6820513285123385
740,740,0.0010204189233123683,1.0,1.043062375142024,0.6820513285123385
741,741,0.0010192014888161793,1.0,1.043021179162539,0.6820513285123385
742,742,0.0010179898851604846,1.0,1.0429938435554504,0.6820513285123385
743,743,0.0010167817448606142,1.0,1.0429578056702247,0.6820513285123385
744,744,0.0010155801551613526,1.0,1.042932349901933,0.6820513285123385
745,745,0.0010143743062284417,1.0,1.0429041614899268,0.6820513285123385
746,746,0.0010131811779081966,1.0,1.042872428894043,0.6820513285123385
747,747,0.0010119901237955603,1.0,1.0428389815183787,0.6820513285123385
748,748,0.0010107973100205597,1.0,1.0428069829940796,0.6820513285123385
749,749,0.0010096161713590845,1.0,1.0427706929353566,0.6820513285123385
750,750,0.001008429162678882,1.0,1.0427451913173382,0.6820513285123385
751,751,0.0010072556548178769,1.0,1.0427091213373036,0.6820513285123385
752,752,0.0010060754922541003,1.0,1.0426766138810377,0.6820513285123385
753,753,0.001004905878709486,1.0,1.0426497184313261,0.6820513285123385
754,754,0.00100372892316395,1.0,1.0426192925526545,0.6820513285123385
755,755,0.0010025574794361512,1.0,1.04257628092399,0.6820513285123385
756,756,0.0010013886248298849,1.0,1.0425556577168977,0.6820513285123385
757,757,0.0010002189116606202,1.0,1.0425268778434167,0.6820513285123385
758,758,0.0009990652514926086,1.0,1.0424921191655672,0.6820513285123385
759,759,0.000997908520870484,1.0,1.0424630825336163,0.6820513285123385
760,760,0.0009967546110811571,1.0,1.0424320193437429,0.6820513285123385
761,761,0.000995609261176119,1.0,1.0423998603454003,0.6820513285123385
762,762,0.000994459316224003,1.0,1.0423820385566125,0.6820513285123385
763,763,0.000993307546685593,1.0,1.042342708661006,0.6820513285123385
764,764,0.0009921701219774638,1.0,1.042316468862387,0.6820513285123385
765,765,0.0009910240791773854,1.0,1.04228563950612,0.6820513285123385
766,766,0.000989897716163586,1.0,1.042245708979093,0.6820513285123385
767,767,0.0009887598974343676,1.0,1.0422302255263696,0.6820513285123385
768,768,0.0009876346157398075,1.0,1.04219147333732,0.6820513285123385
769,769,0.0009865042072935747,1.0,1.0421621249272273,0.6820513285123385
770,770,0.0009853856967171081,1.0,1.042138085915492,0.6820513285123385
771,771,0.0009842595665339525,1.0,1.0421056472338164,0.6820513285123385
772,772,0.0009831448092322366,1.0,1.0420769086250892,0.6820513285123385
773,773,0.0009820264564880815,1.0,1.0420429569024305,0.6820513285123385
774,774,0.0009809167990729643,1.0,1.0420051629726703,0.6820513285123385
775,775,0.0009798043991815155,1.0,1.0419860436366155,0.6820513285123385
776,776,0.0009786946690068222,1.0,1.0419480663079481,0.6820513285123385
777,777,0.0009775900375993492,1.0,1.041928571004134,0.6820513285123385
778,778,0.0009764850300808365,1.0,1.0418900618186364,0.6820513285123385
779,779,0.000975388967512677,1.0,1.041861919256357,0.6820513285123385
780,780,0.0009742840338731185,1.0,1.041826537022224,0.6820513285123385
781,781,0.0009731978207128122,1.0,1.0418051206148589,0.6820513285123385
782,782,0.0009721092199190304,1.0,1.041765836568979,0.6820513285123385
783,783,0.0009710145879160756,1.0,1.0417365752733672,0.6820513285123385
784,784,0.0009699273684348625,1.0,1.0417172725384052,0.6820513285123385
785,785,0.0009688505983481613,1.0,1.0416817298302283,0.6820513285123385
786,786,0.0009677591778409595,1.0,1.0416383284788866,0.6820513285123385
787,787,0.0009666776806205654,1.0,1.0416226707972014,0.6820513285123385
788,788,0.000965612658406966,1.0,1.041586852990664,0.6820513285123385
789,789,0.0009645351954252244,1.0,1.0415672384775603,0.6820513285123385
790,790,0.0009634694915103654,1.0,1.0415337452521691,0.6820513285123385
791,791,0.0009624008738543265,1.0,1.0415079364409814,0.6820513285123385
792,792,0.0009613321196341601,1.0,1.041474773333623,0.6820513285123385
793,793,0.0009602714473238358,1.0,1.0414496522683363,0.6820513285123385
794,794,0.0009592133686125565,1.0,1.0414174703451304,0.6820513285123385
795,795,0.0009581587275114054,1.0,1.0413897587702825,0.6820513285123385
796,796,0.000957100719320946,1.0,1.0413603415855994,0.6820513285123385
797,797,0.000956052109428968,1.0,1.0413264907323396,0.6820513285123385
798,798,0.0009550095161942479,1.0,1.0412934972689702,0.6820513285123385
799,799,0.0009539602122878513,1.0,1.0412708520889282,0.6820513285123385
800,800,0.0009529166395972985,1.0,1.0412424940329332,0.6820513285123385
801,801,0.0009518840356926935,1.0,1.0412106880774865,0.6820513285123385
802,802,0.0009508399301781678,1.0,1.041189418389247,0.6820513285123385
803,803,0.000949812446308967,1.0,1.041151775763585,0.6820513285123385
804,804,0.0009487683978827241,1.0,1.0411270535909212,0.6820513285123385
805,805,0.0009477514585551734,1.0,1.0410924003674433,0.6820513285123385
806,806,0.0009467203187971161,1.0,1.0410630702972412,0.6820513285123385
807,807,0.0009457029048532534,1.0,1.0410358997491689,0.6820513285123385
808,808,0.0009446802387873714,1.0,1.0410047219349787,0.6820513285123385
809,809,0.0009436638166125005,1.0,1.0409790369180532,0.6820513285123385
810,810,0.0009426363338626778,1.0,1.0409442415604224,0.6820513285123385
811,811,0.0009416325729734336,1.0,1.040917579944317,0.6820513285123385
812,812,0.0009406155474537697,1.0,1.0408817117030804,0.6820513285123385
813,813,0.000939608285149846,1.0,1.0408474527872527,0.6820513285123385
814,814,0.000938599883319022,1.0,1.04082302405284,0.6820513285123385
815,815,0.000937598020895026,1.0,1.040797316111051,0.6820513285123385
816,816,0.0009365917593151188,1.0,1.0407584263728216,0.6820513285123385
817,817,0.0009355900603203246,1.0,1.0407261344102712,0.6820513285123385
818,818,0.0009345799055434047,1.0,1.0406909172351544,0.6820513285123385
819,819,0.0009335990493687299,1.0,1.0406709909439087,0.6820513285123385
820,820,0.0009326058184692207,1.0,1.0406429400810828,0.6820513285123385
821,821,0.0009316145901371223,1.0,1.0406056963480437,0.6820513285123385
822,822,0.0009306166231488952,1.0,1.040575187939864,0.6820513285123385
823,823,0.0009296401168774957,1.0,1.0405384256289556,0.6820513285123385
824,824,0.000928647959461579,1.0,1.0405139097800622,0.6820513285123385
825,825,0.0009276667137433273,1.0,1.0404854187598596,0.6820513285123385
826,826,0.0009266957808554602,1.0,1.0404571890830994,0.6820513285123385
827,827,0.0009257074998458847,1.0,1.040431714974917,0.6820513285123385
828,828,0.0009247368714288593,1.0,1.0403882356790395,0.6820513285123385
829,829,0.0009237599677782363,1.0,1.0403668651214013,0.6820513285123385
830,830,0.0009227991820527957,1.0,1.0403388050886302,0.6820513285123385
831,831,0.0009218231134582311,1.0,1.0402981730607839,0.6820513285123385
832,832,0.0009208528510778426,1.0,1.0402735059077923,0.6820513285123385
833,833,0.0009199016046925233,1.0,1.0402458722774799,0.6820513285123385
834,834,0.0009189301289062804,1.0,1.0402039289474487,0.6846154286311223
835,835,0.0009179773478535935,1.0,1.0401890369562001,0.6846154286311223
836,836,0.0009170156408799812,1.0,1.0401513301409209,0.6846154286311223
837,837,0.0009160630837029133,1.0,1.04011915738766,0.6846154286311223
838,838,0.0009151138107811746,1.0,1.0400875898507924,0.6846154286311223
839,839,0.0009141642389854846,1.0,1.0400601487893324,0.6846154286311223
840,840,0.0009132132813997137,1.0,1.04002334521367,0.6846154286311223
841,841,0.0009122694262679523,1.0,1.0399937904798067,0.6846154286311223
842,842,0.0009113207600491408,1.0,1.0399650106063256,0.6846154286311223
843,843,0.0009103842267694955,1.0,1.0399378950779254,0.6846154286311223
844,844,0.0009094442625959906,1.0,1.0399118111683772,0.6846154286311223
845,845,0.0009085094945756003,1.0,1.0398858831478999,0.6846154286311223
846,846,0.0009075791447405488,1.0,1.0398629353596613,0.6846154286311223
847,847,0.0009066439938928502,1.0,1.0398220190635095,0.6846154286311223
848,848,0.0009057136440577989,1.0,1.0397968934132502,0.6846154286311223
849,849,0.000904781760674758,1.0,1.03976708650589,0.6846154286311223
850,850,0.0009038591949949757,1.0,1.039738921018747,0.6846154286311223
851,851,0.0009029280089844877,1.0,1.039707573560568,0.6846154286311223
852,852,0.0009020138274466333,1.0,1.0396810173988342,0.6846154286311223
853,853,0.0009010868379846215,1.0,1.0396554653461163,0.6846154286311223
854,854,0.0009001725904034594,1.0,1.0396243608914888,0.6846154286311223
855,855,0.0008992584278950325,1.0,1.0396015277275672,0.6846154286311223
856,856,0.0008983334757011527,1.0,1.0395703728382404,0.6846154286311223
857,857,0.0008974164923599276,1.0,1.039534444992359,0.6846154286311223
858,858,0.00089651689296051,1.0,1.039525398841271,0.6846154286311223
859,859,0.0008956118746517369,1.0,1.039481859940749,0.6846154286311223
860,860,0.0008946955651761248,1.0,1.0394577475694509,0.6846154286311223
861,861,0.0008937896950206218,1.0,1.0394273537855883,0.6846154286311223
862,862,0.0008929044561227784,1.0,1.0394057081295893,0.6846154286311223
863,863,0.0008919931782517009,1.0,1.0393783862774189,0.6846154286311223
864,864,0.0008910861764049444,1.0,1.0393506150979261,0.6846154286311223
865,865,0.0008901953518104095,1.0,1.0393278277837312,0.6846154286311223
866,866,0.000889307435360164,1.0,1.0392956962952247,0.6846154286311223
867,867,0.0008884160667478752,1.0,1.0392677325468798,0.6846154286311223
868,868,0.0008875231847364026,1.0,1.0392494706007152,0.6846154286311223
869,869,0.0008866500720614567,1.0,1.0392202459848845,0.6846154286311223
870,870,0.000885757413925603,1.0,1.0391942262649536,0.6846154286311223
871,871,0.0008848749085490664,1.0,1.0391617463185236,0.6846154286311223
872,872,0.0008839965292001859,1.0,1.0391399310185359,0.6846154286311223
873,873,0.0008831088332674251,1.0,1.0391094501201923,0.6846154286311223
874,874,0.0008822397537117538,1.0,1.0390805051876948,0.6846154286311223
875,875,0.0008813588524040264,1.0,1.039053275034978,0.6846154286311223
876,876,0.000880487178129932,1.0,1.039033096570235,0.6846154286311223
877,877,0.0008796123125088903,1.0,1.0390019187560449,0.6846154286311223
878,878,0.0008787457470764191,1.0,1.0389820841642528,0.6846154286311223
879,879,0.0008778796405889667,1.0,1.0389539232620826,0.6846154286311223
880,880,0.0008770095826968407,1.0,1.0389261199877813,0.6846154286311223
881,881,0.0008761559270519334,1.0,1.0389049557539134,0.6846154286311223
882,882,0.0008752863068366423,1.0,1.0388785279714143,0.6846154286311223
883,883,0.0008744273833984223,1.0,1.0388453969588647,0.6846154286311223
884,884,0.0008735711274382013,1.0,1.038824539918166,0.6846154286311223
885,885,0.0008727163199532347,1.0,1.0388040726001446,0.6846154286311223
886,886,0.0008718606035332554,1.0,1.0387714230097258,0.6846154286311223
887,887,0.0008710144186177506,1.0,1.038746109375587,0.6846154286311223
888,888,0.0008701568641789401,1.0,1.0387231845122118,0.6846154286311223
889,889,0.0008693170877030262,1.0,1.0386974674004774,0.6846154286311223
890,890,0.0008684671663034421,1.0,1.038662919631371,0.6846154286311223
891,891,0.0008676198396222809,1.0,1.0386444467764635,0.6846154286311223
892,892,0.0008667790008565554,1.0,1.038615712752709,0.6846154286311223
893,893,0.0008659326693025202,1.0,1.0385832603161151,0.6846154286311223
894,894,0.0008650989240357796,1.0,1.03856138082651,0.6846154286311223
895,895,0.0008642684641437462,1.0,1.0385325505183294,0.6846154286311223
896,896,0.0008634282242453012,1.0,1.0385057696929345,0.6846154286311223
897,897,0.000862595396868598,1.0,1.038480281829834,0.6846154286311223
898,898,0.0008617592113576113,1.0,1.038460020835583,0.6846154286311223
899,899,0.0008609358528002093,1.0,1.0384279122719398,0.6846154286311223
900,900,0.00086010866261159,1.0,1.0384027453569264,0.6846154286311223
901,901,0.00085928324104036,1.0,1.03837722998399,0.6846154286311223
902,902,0.0008584560586873872,1.0,1.0383617694561298,0.6846154286311223
903,903,0.0008576350586596304,1.0,1.0383220635927641,0.6846154286311223
904,904,0.0008568182607772402,1.0,1.0383049295498774,0.6846154286311223
905,905,0.0008559981730426303,1.0,1.0382798451643724,0.6846154286311223
906,906,0.0008551813729214841,1.0,1.038244930597452,0.6846154286311223
907,907,0.0008543607523629012,1.0,1.0382250684958239,0.6846154286311223
908,908,0.000853545090649277,1.0,1.0381985994485707,0.6846154286311223
909,909,0.000852737132495699,1.0,1.0381779624865606,0.6846154286311223
910,910,0.0008519155257650149,1.0,1.038146734237671,0.6846154286311223
911,911,0.0008511116936390933,1.0,1.0381276561663701,0.6846154286311223
912,912,0.0008503065652733382,1.0,1.0380931359070997,0.6846154286311223
913,913,0.0008495018286899162,1.0,1.038076666685251,0.6846154286311223
914,914,0.0008486962380210081,1.0,1.03804972080084,0.6846154286311223
915,915,0.0008478963024502334,1.0,1.0380286436814528,0.6846154286311223
916,916,0.0008470923886097108,1.0,1.0379995520298297,0.6846154286311223
917,917,0.0008463026841547197,1.0,1.037988713154426,0.6846154286311223
918,918,0.0008455002993846742,1.0,1.0379598369965186,0.6846154286311223
919,919,0.0008447025689887456,1.0,1.0379372651760395,0.6846154286311223
920,920,0.0008439079012112835,1.0,1.0379155369905324,0.6846154286311223
921,921,0.0008431220115968385,1.0,1.0378927405063922,0.6846154286311223
922,922,0.0008423326687009719,1.0,1.0378629290140593,0.6846154286311223
923,923,0.0008415355539629952,1.0,1.037845253944397,0.6846154286311223
924,924,0.0008407542336499318,1.0,1.0378223061561584,0.6846154286311223
925,925,0.0008399705525684672,1.0,1.0378045118772066,0.6846154286311223
926,926,0.0008391832144787678,1.0,1.0377808488332307,0.6846154286311223
927,927,0.0008384001333839619,1.0,1.0377522569436293,0.6846154286311223
928,928,0.0008376201865478203,1.0,1.037727910738725,0.6846154286311223
929,929,0.0008368406986566976,1.0,1.0377079890324519,0.6846154286311223
930,930,0.0008360658718559605,1.0,1.0376771596761851,0.6846154286311223
931,931,0.0008352971490239725,1.0,1.0376568253223712,0.6846154286311223
932,932,0.0008345207136769134,1.0,1.0376404111201947,0.6846154286311223
933,933,0.0008337441999733878,1.0,1.0376173074428852,0.6846154286311223
934,934,0.0008329779106693772,1.0,1.0375957580713124,0.6846154286311223
935,935,0.0008322050685260015,1.0,1.0375660887131324,0.6846154286311223
936,936,0.0008314410000681304,1.0,1.0375421826656048,0.6846154286311223
937,937,0.0008306794535691062,1.0,1.037521169735835,0.6846154286311223
938,938,0.0008299107139464468,1.0,1.0374989280333886,0.6846154286311223
939,939,0.0008291468716029507,1.0,1.037474980721107,0.6846154286311223
940,940,0.000828386455675802,1.0,1.03744598535391,0.6846154286311223
941,941,0.0008276359048277999,1.0,1.037426402935615,0.6846154286311223
942,942,0.0008268790865818468,1.0,1.0374120015364428,0.6846154286311223
943,943,0.0008261260126556198,1.0,1.037381465618427,0.6846154286311223
944,944,0.0008253673485551889,1.0,1.0373536806840162,0.6846154286311223
945,945,0.0008246130410743018,1.0,1.0373353316233709,0.6846154286311223
946,946,0.0008238601149059832,1.0,1.0373133696042574,0.6846154286311223
947,947,0.0008231152057235774,1.0,1.0372913892452533,0.6846154286311223
948,948,0.0008223736457204303,1.0,1.0372740351236784,0.6846154286311223
949,949,0.0008216264373354184,1.0,1.037240321819599,0.6846154286311223
950,950,0.0008208770181786699,1.0,1.0372247787622304,0.6846154286311223
951,951,0.000820140271501329,1.0,1.0372003179330092,0.6846154286311223
952,952,0.0008193984092660964,1.0,1.0371795480067914,0.6846154286311223
953,953,0.0008186515087100605,1.0,1.0371494797559886,0.6846154286311223
954,954,0.0008179183451620003,1.0,1.037144280396975,0.6846154286311223
955,955,0.0008171768623959416,1.0,1.0371190171975355,0.6846154286311223
956,956,0.0008164431682626645,1.0,1.037087307526515,0.6846154286311223
957,957,0.0008157054242194415,1.0,1.0370643413983858,0.6846154286311223
958,958,0.0008149727184970218,1.0,1.0370342914874737,0.6846154286311223
959,959,0.000814234975573177,1.0,1.0370187942798321,0.6846154286311223
960,960,0.0008135142572707712,1.0,1.0369946314738347,0.6846154286311223
961,961,0.0008127773471642286,1.0,1.0369714681918805,0.6846154286311223
962,962,0.0008120514394249767,1.0,1.0369577728785002,0.6846154286311223
963,963,0.0008113275846251502,1.0,1.036925013248737,0.6846154286311223
964,964,0.0008106019007615172,1.0,1.0368973245987525,0.6846154286311223
965,965,0.0008098743822371874,1.0,1.0368779072394738,0.6846154286311223
966,966,0.00080915388221351,1.0,1.036862089083745,0.6846154286311223
967,967,0.0008084291151205364,1.0,1.036838288490589,0.6846154286311223
968,968,0.0008077151153254538,1.0,1.0368139147758484,0.6846154286311223
969,969,0.0008069989607275392,1.0,1.036788115134606,0.6846154286311223
970,970,0.0008062765622386136,1.0,1.0367630903537457,0.6846154286311223
971,971,0.0008055697253439575,1.0,1.0367390650969286,0.6846154286311223
972,972,0.0008048511394568217,1.0,1.0367150077453027,0.6846154286311223
973,973,0.0008041460644632864,1.0,1.0366926101537852,0.6846154286311223
974,974,0.0008034365623293874,1.0,1.0366785113628094,0.6846154286311223
975,975,0.0008027246087574615,1.0,1.0366454124450684,0.6846154286311223
976,976,0.00080202372583489,1.0,1.0366343030562768,0.6846154286311223
977,977,0.0008013066589438284,1.0,1.0366079990680401,0.6846154286311223
978,978,0.0008006024951240621,1.0,1.0365884395746083,0.6846154286311223
979,979,0.0007998998603747728,1.0,1.0365643226183379,0.6846154286311223
980,980,0.0007992005087614346,1.0,1.0365440937188954,0.6846154286311223
981,981,0.0007984960404708266,1.0,1.0365233329626231,0.6846154286311223
982,982,0.0007977955459724539,1.0,1.0364961394896874,0.6846154286311223
983,983,0.0007970999946477464,1.0,1.0364744800787706,0.6846154286311223
984,984,0.0007964016392809124,1.0,1.0364571809768677,0.6846154286311223
985,985,0.00079570785321546,1.0,1.0364198822241564,0.6846154286311223
986,986,0.0007950148305658681,1.0,1.03640478849411,0.6846154286311223
987,987,0.0007943212000939709,1.0,1.0363795940692608,0.6846154286311223
988,988,0.0007936306960450915,1.0,1.0363653898239136,0.6846154286311223
989,989,0.0007929368338619287,1.0,1.0363426208496094,0.6846154286311223
990,990,0.0007922473294176877,1.0,1.0363223461004405,0.6846154286311223
991,991,0.0007915656818882921,1.0,1.0362973396594708,0.6846154286311223
992,992,0.0007908739633141801,1.0,1.036283084979424,0.6846154286311223
993,993,0.0007901905516449076,1.0,1.036262768965501,0.6846154286311223
994,994,0.0007895114977145568,1.0,1.036241467182453,0.6846154286311223
995,995,0.0007888290934855691,1.0,1.0362088955365694,0.6846154286311223
996,996,0.0007881475847590571,1.0,1.0362012478021474,0.6846154286311223
997,997,0.0007874714434505082,1.0,1.036174870454348,0.6846154286311223
998,998,0.0007867902447917283,1.0,1.0361508314426129,0.6846154286311223
999,999,0.0007861095823150558,1.0,1.0361315883122957,0.6846154286311223
