,epoch,train_err,train_acc,valid_err,valid_acc
0,0,4.745316083614643,0.044230772039064996,4.501397719750037,0.05641025992540213
1,1,4.150630900493035,0.07692308286921336,3.978609488560603,0.08205128804995464
2,2,3.640588769545922,0.12692308647987935,3.431096260364239,0.16410257638647005
3,3,3.092254487367777,0.18974360408118138,2.9506075932429385,0.24358976460420168
4,4,2.5917231119596043,0.29615386919333386,2.5923533806434045,0.2846154020382808
5,5,2.193280722086246,0.3801282351979843,2.4532719667141256,0.310256438759657
6,6,2.0084231404157786,0.4211538818020087,2.0880187841562123,0.4076923384116246
7,7,1.684848067852167,0.5134615783508008,2.077508440384498,0.4000000265928415
8,8,1.4776117778741396,0.5730769657171689,1.9325597194524913,0.4717949078633235
9,9,1.2705212579323695,0.6307692802869357,1.8053569335203905,0.4692308077445397
10,10,1.0236846472208316,0.7121795484652886,1.7024613802249615,0.5128205464436457
11,11,0.7408995124009939,0.8089744207950739,1.6378044440196111,0.5384615866037515
12,12,0.5012955081004363,0.907051336306792,1.6032882837148814,0.5435897891338055
13,13,0.2907072523465523,0.9794871990497296,1.5783889660468469,0.5564103080676153
14,14,0.17239866792582548,0.9967948748515203,1.5666391666118915,0.5538461941939133
15,15,0.12101041282025668,1.0,1.5546666888090281,0.5615385014277238
16,16,0.09547562008866897,1.0,1.5397426715263953,0.5564102966051835
17,17,0.08029334863217977,1.0,1.5266231527695289,0.558974394431481
18,18,0.06977542525587174,1.0,1.5125320416230421,0.5641026038389939
19,19,0.062075933728080526,1.0,1.5003315760539129,0.5641025992540213
20,20,0.05639411716793592,1.0,1.4946679472923279,0.5615385037202102
21,21,0.051496243032698445,1.0,1.4876233889506414,0.5641026084239666
22,22,0.0476545153472286,1.0,1.4841611247796278,0.5641026084239666
23,23,0.044416402180034384,1.0,1.4818257368527925,0.5641026084239666
24,24,0.0416219737380743,1.0,1.4795510585491474,0.5692308132465069
25,25,0.03908869068926343,1.0,1.4768244945085967,0.5692308086615342
26,26,0.036877379000473484,1.0,1.4740940149013813,0.5743590134840745
27,27,0.03494967731575553,1.0,1.4725650457235484,0.5769231227728037
28,28,0.03322466548818808,1.0,1.4704247942337623,0.5743590180690472
29,29,0.031653694521922335,1.0,1.467678501055791,0.5769231273577764
30,30,0.030220199555445176,1.0,1.4652478694915771,0.5743590226540198
31,31,0.02894949594226021,1.0,1.4633720379609327,0.5769231273577764
32,32,0.027768615203408096,1.0,1.4612956780653734,0.5769231273577764
33,33,0.026661147972425588,1.0,1.4594460358986487,0.5794872274765601
34,34,0.025684858099199258,1.0,1.4579692712196937,0.5794872274765601
35,35,0.02476484138661852,1.0,1.4572666516670814,0.5794872274765601
36,36,0.023896078328387096,1.0,1.4558406151258028,0.5743590226540198
37,37,0.023109138334313266,1.0,1.4542502027291517,0.5692308178314796
38,38,0.02235289505467965,1.0,1.4525957107543945,0.5717949179502634
39,39,0.021657519830534093,1.0,1.4509784166629498,0.5717949179502634
40,40,0.02097332402347372,1.0,1.4491037405454195,0.5743590226540198
41,41,0.020349110655773144,1.0,1.4475899247022777,0.5743590180690472
42,42,0.019784620049624488,1.0,1.4460235146375804,0.5692308132465069
43,43,0.01922185056341382,1.0,1.4443656710477977,0.5692308132465069
44,44,0.01870257638466473,1.0,1.4427571846888616,0.5692308132465069
45,45,0.01820139789309066,1.0,1.4411835441222558,0.5692308132465069
46,46,0.01773012039036705,1.0,1.4398485238735492,0.5717949179502634
47,47,0.01728383360358958,1.0,1.4388387890962453,0.5717949179502634
48,48,0.01686348461617644,1.0,1.4377257411296551,0.5692308132465069
49,49,0.016467327108749978,1.0,1.4364778674565828,0.5692308132465069
50,50,0.016093377794067446,1.0,1.4353668506328876,0.5717949133652908
51,51,0.015728262378475986,1.0,1.4339406627875109,0.5769231227728037
52,52,0.015374968938816052,1.0,1.4329104790320764,0.5769231227728037
53,53,0.01502148943165174,1.0,1.4318505846537077,0.5769231227728037
54,54,0.014695021843251128,1.0,1.430772290779994,0.5769231227728037
55,55,0.014391917556237716,1.0,1.4296722457959101,0.5743590226540198
56,56,0.014088854713078875,1.0,1.4286394394361055,0.5743590226540198
57,57,0.013798025597889837,1.0,1.4275112381348243,0.5743590226540198
58,58,0.01352416600387257,1.0,1.426974131510808,0.5769231227728037
59,59,0.013262785201032575,1.0,1.4263648436619685,0.5769231227728037
60,60,0.013005081492547806,1.0,1.4259615999001722,0.5743590226540198
61,61,0.012757808113327393,1.0,1.4254098580433772,0.5743590226540198
62,62,0.012521213493668117,1.0,1.4249650239944458,0.5743590226540198
63,63,0.012290827016561078,1.0,1.4245202770599952,0.5743590226540198
64,64,0.01207194378814445,1.0,1.4239649314146776,0.5743590226540198
65,65,0.011857376183168246,1.0,1.4233685731887817,0.5743590226540198
66,66,0.011653858326518765,1.0,1.422880470752716,0.582051327595344
67,67,0.011446636223878998,1.0,1.4225217745854304,0.5846154277141278
68,68,0.011246691171366435,1.0,1.4218933994953449,0.5871795324178842
69,69,0.011057891972506275,1.0,1.4215283348010137,0.5871795324178842
70,70,0.010876688192813443,1.0,1.4212145163462713,0.5897436348291544
71,71,0.010697489084962469,1.0,1.4207713649823115,0.5897436348291544
72,72,0.010531198860217746,1.0,1.420251713349269,0.5923077395329108
73,73,0.010368801975766053,1.0,1.4197797775268555,0.5923077395329108
74,74,0.010207781263698753,1.0,1.419286874624399,0.5923077395329108
75,75,0.010048597083928494,1.0,1.4186789989471436,0.5923077395329108
76,76,0.00989496073900507,1.0,1.4181650097553546,0.5923077395329108
77,77,0.009748520329594612,1.0,1.4178384221517122,0.5923077395329108
78,78,0.009608254660494052,1.0,1.4175392572696393,0.5923077395329108
79,79,0.00947192998137325,1.0,1.417173798267658,0.5948718396516947
80,80,0.00933461245865776,1.0,1.4168334007263184,0.5948718396516947
81,81,0.009204560353492316,1.0,1.4164989177997296,0.5923077395329108
82,82,0.00907820869738666,1.0,1.4161066091977632,0.5923077395329108
83,83,0.008953174056771856,1.0,1.415842821964851,0.5923077441178836
84,84,0.00882999050932435,1.0,1.4155412728969867,0.5923077441178836
85,85,0.008711473577512572,1.0,1.4152577611116262,0.5923077441178836
86,86,0.008597592500826487,1.0,1.4149213708364046,0.5923077441178836
87,87,0.008486867909176419,1.0,1.4146557404444768,0.5897436394141271
88,88,0.008378225727938116,1.0,1.4144501410997832,0.5897436394141271
89,89,0.008271856600633608,1.0,1.414172039582179,0.5897436394141271
90,90,0.008169894769357948,1.0,1.4140938107783978,0.5897436394141271
91,91,0.008066853060601996,1.0,1.4139319520730238,0.5897436394141271
92,92,0.007968559440297004,1.0,1.4136836666327257,0.5897436394141271
93,93,0.007874347574005906,1.0,1.4134930280538707,0.5897436394141271
94,94,0.0077802185775139015,1.0,1.413338445700132,0.5897436394141271
95,95,0.007689683930948377,1.0,1.4131253407551692,0.5897436394141271
96,96,0.007599605489164018,1.0,1.4129332166451674,0.5897436394141271
97,97,0.007510445456808576,1.0,1.4127235687696016,0.5897436394141271
98,98,0.00742478808388114,1.0,1.4124865807019746,0.5897436394141271
99,99,0.007341932048662924,1.0,1.4124135237473707,0.5897436394141271
100,100,0.007261513257757402,1.0,1.412190827039572,0.5897436394141271
101,101,0.0071809257810505536,1.0,1.4119828297541692,0.5897436394141271
102,102,0.0071034439964793045,1.0,1.4118710527053246,0.5897436394141271
103,103,0.00702856477493277,1.0,1.4117330129329975,0.5923077441178836
104,104,0.006953774270816491,1.0,1.4114949153019831,0.5923077441178836
105,105,0.00688073518148695,1.0,1.4113239508408766,0.5923077441178836
106,106,0.006809169560885773,1.0,1.4111940402251024,0.5923077441178836
107,107,0.006739201848036968,1.0,1.4111012999828045,0.5923077441178836
108,108,0.006670672303208938,1.0,1.4109323162298937,0.5923077441178836
109,109,0.006604056277025778,1.0,1.4106971529813914,0.5923077441178836
110,110,0.006538706321197634,1.0,1.4105847156964815,0.5923077441178836
111,111,0.006474799995955367,1.0,1.4102785633160517,0.5948718442366674
112,112,0.006412506596041987,1.0,1.410052932225741,0.5948718442366674
113,113,0.006350656783279891,1.0,1.4098797302979689,0.5974359535253965
114,114,0.006291266996413469,1.0,1.4097680036838238,0.5974359535253965
115,115,0.006232305895537138,1.0,1.4095977269686186,0.5974359535253965
116,116,0.00617463170335843,1.0,1.4093881707925062,0.5974359535253965
117,117,0.006117570437849141,1.0,1.4091989764800439,0.5974359535253965
118,118,0.0060620225983886765,1.0,1.40904366511565,0.5974359535253965
119,119,0.006007067339781385,1.0,1.4088197488051195,0.5974359535253965
120,120,0.0059538747345169,1.0,1.408639201751122,0.5974359535253965
121,121,0.005900639163043637,1.0,1.4085179613186762,0.6000000536441803
122,122,0.005849027692770155,1.0,1.4083503209627593,0.6000000536441803
123,123,0.005798542692970771,1.0,1.4082186222076416,0.6000000536441803
124,124,0.005747963826601895,1.0,1.4081557301374583,0.6000000536441803
125,125,0.005698035838297353,1.0,1.40796913091953,0.6000000536441803
126,126,0.005649769839902337,1.0,1.4077972357089703,0.6000000536441803
127,127,0.005601526264889309,1.0,1.4076088896164527,0.6000000536441803
128,128,0.005554918262462776,1.0,1.4074744857274568,0.6000000536441803
129,129,0.005508157281348338,1.0,1.4072514955814068,0.6000000536441803
130,130,0.005463433971341986,1.0,1.4070313847981966,0.6000000536441803
131,131,0.005418695169142806,1.0,1.4068098343335664,0.6000000536441803
132,132,0.005374914142661369,1.0,1.4066514372825623,0.6000000536441803
133,133,0.0053315016602237635,1.0,1.406537766640003,0.6000000536441803
134,134,0.005289476570816567,1.0,1.406377755678617,0.6000000536441803
135,135,0.005247744462954311,1.0,1.4061922889489393,0.6000000536441803
136,136,0.005206947411911992,1.0,1.4060307695315435,0.6000000536441803
137,137,0.005166864049477646,1.0,1.4058824823452876,0.6000000536441803
138,138,0.005126717992914984,1.0,1.4057329893112183,0.6000000536441803
139,139,0.005087991155540714,1.0,1.4055623228733356,0.6000000536441803
140,140,0.005049626674288168,1.0,1.405424869977511,0.6000000536441803
141,141,0.005012099980376661,1.0,1.4052681281016424,0.6000000536441803
142,142,0.004974551883955987,1.0,1.405113018476046,0.6000000536441803
143,143,0.0049383655871049715,1.0,1.40498692714251,0.6000000536441803
144,144,0.004902234417386353,1.0,1.4047954036639287,0.6000000536441803
145,145,0.00486729560025896,1.0,1.404684671988854,0.6000000536441803
146,146,0.004832038808112534,1.0,1.4045727528058565,0.6000000536441803
147,147,0.004798075488696878,1.0,1.4044612921201265,0.6000000536441803
148,148,0.0047641262286700885,1.0,1.40437520467318,0.6000000536441803
149,149,0.004730751737952232,1.0,1.4042327770820031,0.6000000536441803
150,150,0.004697772499639541,1.0,1.404142453120305,0.6025641537629641
151,151,0.0046653214600295406,1.0,1.4040147066116333,0.6025641537629641
152,152,0.0046334957318881955,1.0,1.4039614659089308,0.6025641537629641
153,153,0.004601373905853297,1.0,1.4038345722051768,0.6025641537629641
154,154,0.004570047075573642,1.0,1.4036871653336744,0.6025641537629641
155,155,0.004539290416197708,1.0,1.4035679468741784,0.6025641537629641
156,156,0.004508876134283268,1.0,1.4034793010124793,0.6025641537629641
157,157,0.004478851494450982,1.0,1.4033945432076087,0.6025641537629641
158,158,0.004449051970508522,1.0,1.4032854300278883,0.6025641537629641
159,159,0.004419620251820351,1.0,1.403175033055819,0.6025641537629641
160,160,0.004390668817974914,1.0,1.403038969406715,0.6025641537629641
161,161,0.004361996525683655,1.0,1.402935816691472,0.6025641537629641
162,162,0.004333957487968012,1.0,1.4027953652235179,0.6025641537629641
163,163,0.004306096225403822,1.0,1.4026827720495372,0.6025641537629641
164,164,0.004278632319675615,1.0,1.4025612656886761,0.6025641537629641
165,165,0.004251856522527165,1.0,1.4024329093786387,0.6025641537629641
166,166,0.004224833763705997,1.0,1.4022909861344557,0.6025641537629641
167,167,0.004198949381064337,1.0,1.4021974618618305,0.6025641537629641
168,168,0.004172760326092919,1.0,1.4020501971244812,0.6025641537629641
169,169,0.00414730942933462,1.0,1.4019581996477568,0.6025641537629641
170,170,0.004122169455513358,1.0,1.4018162351388197,0.6025641537629641
171,171,0.004097396628752064,1.0,1.4016693784640386,0.6025641537629641
172,172,0.0040728486581848794,1.0,1.401531036083515,0.6025641537629641
173,173,0.00404881334487492,1.0,1.401427420286032,0.6025641537629641
174,174,0.00402496486920147,1.0,1.4012809441639826,0.6025641537629641
175,175,0.004001103274416751,1.0,1.4011344038523161,0.6025641537629641
176,176,0.0039776246009681085,1.0,1.4010411821878874,0.6025641537629641
177,177,0.003954507567239209,1.0,1.4009013359363263,0.6025641537629641
178,178,0.003931715645684073,1.0,1.4008325934410095,0.6025641537629641
179,179,0.0039092899309113045,1.0,1.4006834030151367,0.6025641537629641
180,180,0.003886727459477977,1.0,1.4005586871734033,0.6025641537629641
181,181,0.003864653977171446,1.0,1.400436465556805,0.6000000536441803
182,182,0.0038429036458882573,1.0,1.400322368511787,0.6000000536441803
183,183,0.0038215208153885146,1.0,1.4002449604181142,0.6000000536441803
184,184,0.0038003251762487567,1.0,1.4001739025115967,0.6000000536441803
185,185,0.003779366921382741,1.0,1.400016738818242,0.6000000536441803
186,186,0.0037584127723955764,1.0,1.399955125955435,0.6000000536441803
187,187,0.0037381518721723785,1.0,1.3998310428399305,0.6000000536441803
188,188,0.0037180658680601763,1.0,1.3996970836932843,0.6000000536441803
189,189,0.003697849957881352,1.0,1.399621096941141,0.6000000536441803
190,190,0.0036782960971602453,1.0,1.39951045696552,0.6000000536441803
191,191,0.003658654257798424,1.0,1.3994009082133954,0.6000000536441803
192,192,0.0036395810625086036,1.0,1.3992801812978892,0.6000000536441803
193,193,0.0036203110984598216,1.0,1.3991594635523283,0.6025641537629641
194,194,0.003601376638891032,1.0,1.3990572920212379,0.6025641537629641
195,195,0.0035828859142314354,1.0,1.3989459230349615,0.6000000490592077
196,196,0.003564205593787707,1.0,1.3988465987719023,0.6000000490592077
197,197,0.003545903994773443,1.0,1.3987378890697773,0.6000000490592077
198,198,0.003527818404388829,1.0,1.3986059518960805,0.6000000490592077
199,199,0.003509949100239632,1.0,1.3985126522871165,0.6000000490592077
200,200,0.003492361807730049,1.0,1.398390293121338,0.6000000490592077
201,201,0.0034749469755647275,1.0,1.398282106106098,0.6000000490592077
202,202,0.003457653188469032,1.0,1.398170462021461,0.6000000490592077
203,203,0.0034403345198370516,1.0,1.3980377958371089,0.6000000490592077
204,204,0.0034233865892299665,1.0,1.3979124931188731,0.6000000490592077
205,205,0.003406478530870607,1.0,1.3978344752238347,0.6000000490592077
206,206,0.0033899401404106845,1.0,1.397747589991643,0.6000000490592077
207,207,0.0033734395804528436,1.0,1.3976417092176585,0.6000000490592077
208,208,0.003357056380571941,1.0,1.397516246025379,0.6000000490592077
209,209,0.003340981484283335,1.0,1.3974443674087524,0.6000000490592077
210,210,0.0033251391096900287,1.0,1.397334901186136,0.6000000490592077
211,211,0.0033092819324408015,1.0,1.3972258751208966,0.6000000490592077
212,212,0.003293508771233834,1.0,1.397115368109483,0.6000000490592077
213,213,0.003278085048525379,1.0,1.3970287579756517,0.6000000490592077
214,214,0.003262664974989513,1.0,1.3969192459033086,0.6000000490592077
215,215,0.0032474957048319853,1.0,1.3968229568921602,0.6000000490592077
216,216,0.00323246357192357,1.0,1.3967157006263733,0.6000000490592077
217,217,0.0032175743164351354,1.0,1.3966369032859802,0.6000000490592077
218,218,0.0032028632928044177,1.0,1.3965379916704619,0.6000000490592077
219,219,0.0031882613234651778,1.0,1.3964514090464666,0.6000000490592077
220,220,0.0031738923056624257,1.0,1.3963548999566298,0.6000000490592077
221,221,0.003159507406123269,1.0,1.3962657268230731,0.6000000490592077
222,222,0.0031453371988251233,1.0,1.396182133601262,0.6000000490592077
223,223,0.003131186737356564,1.0,1.3960849596903875,0.6000000490592077
224,224,0.0031172186449671593,1.0,1.3959906147076533,0.6000000490592077
225,225,0.0031033805437171115,1.0,1.3958996259249175,0.6000000490592077
226,226,0.0030897350068419026,1.0,1.3958109525533824,0.6000000490592077
227,227,0.003076212574692013,1.0,1.3957169560285716,0.6000000490592077
228,228,0.003062839834735944,1.0,1.3956246330187871,0.6000000490592077
229,229,0.0030495353096809527,1.0,1.3955339605991657,0.6000000490592077
230,230,0.0030362517349063777,1.0,1.3954546038921063,0.6000000490592077
231,231,0.003023248712102381,1.0,1.3953229372317975,0.6000000490592077
232,232,0.0030102077961111297,1.0,1.3952227097291212,0.6000000490592077
233,233,0.0029973512864671648,1.0,1.3951407074928284,0.6000000490592077
234,234,0.0029847474338916633,1.0,1.3950174771822417,0.6000000490592077
235,235,0.0029721030150540173,1.0,1.394932705622453,0.6000000490592077
236,236,0.002959703386295587,1.0,1.3948377004036536,0.6000000490592077
237,237,0.0029472979994562385,1.0,1.3947361157490656,0.6000000490592077
238,238,0.00293506384612276,1.0,1.3946264065228975,0.6000000490592077
239,239,0.0029228910929165208,1.0,1.3944990726617665,0.6000000490592077
240,240,0.0029108440548253176,1.0,1.394428917994866,0.6000000490592077
241,241,0.0028989641801812327,1.0,1.3943212582514837,0.5974359489404238
242,242,0.002887157409881743,1.0,1.3942324885955224,0.5974359489404238
243,243,0.0028753566797464513,1.0,1.394133109312791,0.5974359489404238
244,244,0.0028637234264841448,1.0,1.3940389798237727,0.5974359489404238
245,245,0.0028520980357335736,1.0,1.3939485549926758,0.5974359489404238
246,246,0.0028405495641681436,1.0,1.3938710964643037,0.5974359489404238
247,247,0.0028292904787052134,1.0,1.3937642024113581,0.5974359489404238
248,248,0.002817982283886522,1.0,1.3936762763903692,0.5974359489404238
249,249,0.0028067859641921064,1.0,1.393595122374021,0.5974359489404238
250,250,0.0027958096067707697,1.0,1.39348350579922,0.5974359489404238
251,251,0.002784914305756012,1.0,1.3934035163659315,0.5974359489404238
252,252,0.00277395576883394,1.0,1.393319038244394,0.5974359489404238
253,253,0.0027632089242195855,1.0,1.3932185356433575,0.5974359489404238
254,254,0.002752561184864205,1.0,1.3931367030510535,0.5974359489404238
255,255,0.002741888957993629,1.0,1.3930296714489276,0.5974359489404238
256,256,0.0027313992076625046,1.0,1.3929659128189087,0.5974359489404238
257,257,0.0027209194869591067,1.0,1.3928430859859173,0.5974359489404238
258,258,0.0027105682574284193,1.0,1.3927462284381573,0.5974359489404238
259,259,0.002700378254163437,1.0,1.3926683159974904,0.5974359489404238
260,260,0.002690255449404224,1.0,1.3925446409445543,0.5974359489404238
261,261,0.0026802586687084,1.0,1.392463771196512,0.5974359489404238
262,262,0.0026701827166387094,1.0,1.39238336453071,0.5974359489404238
263,263,0.0026601979356760588,1.0,1.3922872451635508,0.5974359489404238
264,264,0.0026504531717644287,1.0,1.3921809700819163,0.5974359489404238
265,265,0.0026405630722785224,1.0,1.392105872814472,0.5974359489404238
266,266,0.0026309070392296864,1.0,1.3920271121538603,0.5974359489404238
267,267,0.0026212437929084096,1.0,1.3919210525659413,0.5974359489404238
268,268,0.0026117007319743815,1.0,1.3918565740952125,0.5974359489404238
269,269,0.0026021912747707506,1.0,1.3917668003302355,0.5974359489404238
270,270,0.002592784321257988,1.0,1.3916726754261897,0.5974359489404238
271,271,0.0025834838788096723,1.0,1.391575263096736,0.5974359489404238
272,272,0.0025741038530563507,1.0,1.391522004054143,0.5974359489404238
273,273,0.002564934789776229,1.0,1.3914330693391652,0.5974359489404238
274,274,0.0025558419919644412,1.0,1.3913640884252696,0.5974359489404238
275,275,0.002546807486886302,1.0,1.3912719396444468,0.5974359489404238
276,276,0.0025378812570124865,1.0,1.3911743622559767,0.5974359489404238
277,277,0.0025289481854997575,1.0,1.3911148676505456,0.5974359489404238
278,278,0.0025200995106178406,1.0,1.3910171618828406,0.5974359489404238
279,279,0.002511314013435577,1.0,1.3909264619533832,0.5974359489404238
280,280,0.002502633213925247,1.0,1.3908388018608093,0.5974359489404238
281,281,0.0024939520696464637,1.0,1.3907552499037523,0.5974359489404238
282,282,0.002485429693479091,1.0,1.3906974563231835,0.5974359489404238
283,283,0.0024768826283084657,1.0,1.3906056605852568,0.5974359489404238
284,284,0.0024684425353860627,1.0,1.390520535982572,0.5974359489404238
285,285,0.0024600895793320467,1.0,1.3904373875031104,0.5974359489404238
286,286,0.002451698403232373,1.0,1.3903527764173655,0.5974359489404238
287,287,0.0024434477852012674,1.0,1.3902992193515484,0.5974359489404238
288,288,0.0024353236300297654,1.0,1.3902186109469488,0.5974359489404238
289,289,0.002427074677633265,1.0,1.3901522663923411,0.5974359489404238
290,290,0.0024189270513418773,1.0,1.3900618644861074,0.5974359489404238
291,291,0.0024108962075283322,1.0,1.3899980370814984,0.5974359489404238
292,292,0.0024028645443300214,1.0,1.3899297530834491,0.5974359489404238
293,293,0.0023949691094458103,1.0,1.3898450778080866,0.5974359489404238
294,294,0.0023871721574463523,1.0,1.389775161559765,0.5974359489404238
295,295,0.0023793244483665777,1.0,1.3897015544084401,0.5974359489404238
296,296,0.0023716470369925867,1.0,1.3896174155748808,0.5974359489404238
297,297,0.002363885909569665,1.0,1.3895608691068797,0.5974359489404238
298,298,0.0023562866039215946,1.0,1.3895003245427058,0.5974359489404238
299,299,0.0023486245862351586,1.0,1.3894210687050452,0.5974359489404238
300,300,0.0023411933708792697,1.0,1.3893412397458003,0.5974359489404238
301,301,0.0023336261242198255,1.0,1.3892681231865516,0.5974359489404238
302,302,0.0023262416764807245,1.0,1.389208816565,0.5974359489404238
303,303,0.002318805352283212,1.0,1.3891495557931752,0.5974359489404238
304,304,0.002311531096123732,1.0,1.38905308338312,0.5974359489404238
305,305,0.0023042092171426,1.0,1.3889973071905284,0.5974359489404238
306,306,0.0022969358743956457,1.0,1.3889286105449383,0.5974359489404238
307,307,0.00228976660918516,1.0,1.3888681760201087,0.5974359489404238
308,308,0.0022825627059389194,1.0,1.3887799611458411,0.5974359489404238
309,309,0.0022755121261490365,1.0,1.3887222134149992,0.5974359489404238
310,310,0.0022684766199045745,1.0,1.3886485970937288,0.5974359489404238
311,311,0.0022614682585789035,1.0,1.388564971777109,0.5974359489404238
312,312,0.002254541811103431,1.0,1.3884948033552904,0.5974359489404238
313,313,0.002247671932519342,1.0,1.3884300589561462,0.5974359489404238
314,314,0.0022408220639380696,1.0,1.3883503767160268,0.5974359489404238
315,315,0.0022340027006486286,1.0,1.388283642438742,0.5974359489404238
316,316,0.0022272487515762737,1.0,1.3882187192256634,0.5974359489404238
317,317,0.0022205253704809225,1.0,1.3881329206319957,0.5974359489404238
318,318,0.0022139081713528587,1.0,1.3880486946839552,0.59487184882164
319,319,0.0022072623340556254,1.0,1.3879662431203401,0.59487184882164
320,320,0.002200695271872414,1.0,1.3879091327007,0.59487184882164
321,321,0.002194205762442345,1.0,1.38782406770266,0.59487184882164
322,322,0.002187657109551275,1.0,1.3877384020732,0.59487184882164
323,323,0.002181214477437047,1.0,1.3876372759158795,0.59487184882164
324,324,0.0021747768914792687,1.0,1.3875858325224657,0.59487184882164
325,325,0.002168447871764119,1.0,1.3875192495492787,0.59487184882164
326,326,0.0021620651084678965,1.0,1.387463092803955,0.59487184882164
327,327,0.002155817503360315,1.0,1.3873657813439002,0.59487184882164
328,328,0.0021494983207398597,1.0,1.3873189275081341,0.59487184882164
329,329,0.0021432710480159866,1.0,1.3872515971844013,0.59487184882164
330,330,0.002137123580233982,1.0,1.3871831618822539,0.59487184882164
331,331,0.002130908423658604,1.0,1.3871061618511493,0.59487184882164
332,332,0.0021248362497247467,1.0,1.3870393267044654,0.59487184882164
333,333,0.002118681277631997,1.0,1.3869634591616118,0.59487184882164
334,334,0.002112664638284164,1.0,1.386888141815479,0.59487184882164
335,335,0.0021066875465644095,1.0,1.3868231956775372,0.59487184882164
336,336,0.002100634711006513,1.0,1.386768020116366,0.59487184882164
337,337,0.002094739251053677,1.0,1.386684944996467,0.59487184882164
338,338,0.002088873112090648,1.0,1.3866249414590688,0.59487184882164
339,339,0.002082941787263665,1.0,1.3865265066807086,0.59487184882164
340,340,0.002077123053962938,1.0,1.3864615605427668,0.59487184882164
341,341,0.0020713418131121076,1.0,1.3864155916067271,0.59487184882164
342,342,0.002065593383471983,1.0,1.386329825107868,0.59487184882164
343,343,0.0020598333973724106,1.0,1.3862564517901494,0.59487184882164
344,344,0.002054143578369314,1.0,1.3861919182997484,0.59487184882164
345,345,0.002048475242470606,1.0,1.3861179397656367,0.59487184882164
346,346,0.002042881716848709,1.0,1.3860623974066515,0.59487184882164
347,347,0.002037274644513113,1.0,1.3859811654457679,0.59487184882164
348,348,0.0020317182150812675,1.0,1.3859140872955322,0.59487184882164
349,349,0.002026207608511098,1.0,1.3858243868901179,0.59487184882164
350,350,0.002020697617598881,1.0,1.385778505068559,0.59487184882164
351,351,0.002015238005417184,1.0,1.3856902580994825,0.59487184882164
352,352,0.0020097981748851733,1.0,1.3856211533913245,0.59487184882164
353,353,0.002004390445878156,1.0,1.3855492426798894,0.59487184882164
354,354,0.0019990324441236085,1.0,1.3854729991692762,0.59487184882164
355,355,0.0019937086751899468,1.0,1.3854208588600159,0.59487184882164
356,356,0.0019884478869453934,1.0,1.3853468161362867,0.59487184882164
357,357,0.001983143315346052,1.0,1.3852665332647471,0.59487184882164
358,358,0.001977943642906701,1.0,1.3852049020620494,0.59487184882164
359,359,0.0019727366833159556,1.0,1.3851284430577204,0.59487184882164
360,360,0.0019675688124082694,1.0,1.3850711767490094,0.59487184882164
361,361,0.0019624464195938064,1.0,1.3849815313632672,0.59487184882164
362,362,0.0019573266506015966,1.0,1.384926552955921,0.59487184882164
363,363,0.001952268624266323,1.0,1.3848557288830097,0.59487184882164
364,364,0.001947193039366259,1.0,1.3847918327038105,0.59487184882164
365,365,0.001942162330334003,1.0,1.3847219027005708,0.59487184882164
366,366,0.001937184218639651,1.0,1.3846545723768382,0.59487184882164
367,367,0.0019322122344209885,1.0,1.3845873658473675,0.59487184882164
368,368,0.0019272345257027505,1.0,1.3845269221525927,0.5923077487028562
369,369,0.0019223711256367655,1.0,1.3844674367171068,0.5923077487028562
370,370,0.0019175353764484709,1.0,1.3843763012152452,0.5923077487028562
371,371,0.0019126272773764168,1.0,1.3843154127781208,0.5923077487028562
372,372,0.001907837859247453,1.0,1.3842380872139564,0.5923077487028562
373,373,0.0019030017384256308,1.0,1.3841749704801118,0.5923077487028562
374,374,0.0018982380413665222,1.0,1.3840940594673157,0.5923077487028562
375,375,0.0018934796770246555,1.0,1.384021405990307,0.5948718534066126
376,376,0.00188874480395148,1.0,1.3839504902179425,0.5948718534066126
377,377,0.0018840498143198113,1.0,1.383891958456773,0.5948718534066126
378,378,0.0018793917664040166,1.0,1.3838128814330468,0.5948718534066126
379,379,0.0018747449771930964,1.0,1.3837430339593153,0.5948718534066126
380,380,0.001870155153133405,1.0,1.3836834889191847,0.5974359535253965
381,381,0.00186555017493307,1.0,1.3836161494255066,0.5974359535253965
382,382,0.001861013937741518,1.0,1.383558030311878,0.5974359535253965
383,383,0.0018564618546336603,1.0,1.383479709808643,0.5974359535253965
384,384,0.00185194558938607,1.0,1.3834223701403692,0.5974359535253965
385,385,0.0018474537646397948,1.0,1.383348244887132,0.5974359535253965
386,386,0.0018429385068324895,1.0,1.3832751558377192,0.5974359535253965
387,387,0.0018385201401542872,1.0,1.3832163168833806,0.5974359535253965
388,388,0.0018341095441988169,1.0,1.3831769136282115,0.5974359535253965
389,389,0.001829713312103055,1.0,1.3830997622930086,0.5974359535253965
390,390,0.001825343607029376,1.0,1.3830331563949585,0.5974359535253965
391,391,0.001820983255479055,1.0,1.3829729052690358,0.5974359535253965
392,392,0.0018166169443597586,1.0,1.382911627109234,0.5974359535253965
393,393,0.0018123328358902095,1.0,1.3828407113368695,0.5974359535253965
394,394,0.001808001803090939,1.0,1.382787599013402,0.5974359535253965
395,395,0.0018037678091786802,1.0,1.382730713257423,0.5974359535253965
396,396,0.0017994827201339202,1.0,1.3826493987670312,0.5974359535253965
397,397,0.0017952880029602407,1.0,1.3825924121416533,0.5974359535253965
398,398,0.0017910629775052746,1.0,1.3825429357015169,0.5974359535253965
399,399,0.0017868731967889918,1.0,1.3824672653124883,0.5974359535253965
400,400,0.001782712403487844,1.0,1.3824183895037725,0.5974359535253965
401,401,0.001778545887925877,1.0,1.3823336225289564,0.5974359535253965
402,402,0.0017744294197585147,1.0,1.382282710992373,0.5974359535253965
403,403,0.0017703365189775538,1.0,1.3822157107866728,0.5974359535253965
404,404,0.0017662293080670328,1.0,1.382156280370859,0.5974359535253965
405,405,0.0017621761138658398,1.0,1.3820849840457623,0.5974359535253965
406,406,0.001758119288402108,1.0,1.382025503195249,0.5974359535253965
407,407,0.0017541334986722527,1.0,1.381960731286269,0.5974359535253965
408,408,0.0017501248378091706,1.0,1.3818991642731886,0.5974359535253965
409,409,0.001746161861004881,1.0,1.381832297031696,0.5974359535253965
410,410,0.0017422080765335034,1.0,1.3817847600350013,0.5974359535253965
411,411,0.0017382451489818497,1.0,1.381713445370014,0.5974359535253965
412,412,0.0017343396567202245,1.0,1.3816480865845313,0.5974359535253965
413,413,0.0017304918281017588,1.0,1.3815787663826575,0.5974359535253965
414,414,0.0017265567529158522,1.0,1.3815161035611079,0.5974359535253965
415,415,0.0017227082772968481,1.0,1.3814547337018526,0.5974359535253965
416,416,0.0017188729700417472,1.0,1.3813784672663763,0.5974359535253965
417,417,0.0017150394112552302,1.0,1.3813044658074012,0.6000000536441803
418,418,0.0017112354309154819,1.0,1.3812415874921358,0.6000000536441803
419,419,0.0017074623834699965,1.0,1.3811779159765978,0.6000000536441803
420,420,0.0017036824048353503,1.0,1.3811133824861968,0.6000000536441803
421,421,0.0016999351993525545,1.0,1.3810352728917048,0.6000000536441803
422,422,0.0016961945220828056,1.0,1.3809720461185162,0.6000000536441803
423,423,0.001692451785157363,1.0,1.380925939633296,0.6000000536441803
424,424,0.001688790559106005,1.0,1.3808336303784297,0.6000000536441803
425,425,0.0016850777655445898,1.0,1.3807784639872038,0.6000000536441803
426,426,0.0016814380002100593,1.0,1.3807225227355957,0.6000000536441803
427,427,0.0016777822344850462,1.0,1.3806671041708727,0.6000000536441803
428,428,0.0016741611112733013,1.0,1.3806034509952252,0.6000000536441803
429,429,0.0016705623868172271,1.0,1.3805375053332403,0.6000000536441803
430,430,0.001666945678432687,1.0,1.3804771946026728,0.6000000536441803
431,431,0.001663405239993993,1.0,1.3804032710882335,0.6000000536441803
432,432,0.0016598166369546491,1.0,1.380339448268597,0.6000000536441803
433,433,0.001656278851442039,1.0,1.3802772760391235,0.6000000536441803
434,434,0.001652758886428693,1.0,1.3802061676979065,0.6000000536441803
435,435,0.0016492367789256745,1.0,1.3801434406867394,0.6000000536441803
436,436,0.0016457526295338399,1.0,1.380070713850168,0.6000000536441803
437,437,0.0016422760650479735,1.0,1.380003727399386,0.6000000536441803
438,438,0.001638780258452663,1.0,1.3799454432267408,0.6000000536441803
439,439,0.0016353547219366122,1.0,1.379883321431967,0.6000000536441803
440,440,0.001631949226765965,1.0,1.3798243907781749,0.6000000536441803
441,441,0.0016285040720294302,1.0,1.3797643872407765,0.6000000536441803
442,442,0.001625118705515678,1.0,1.3796953742320721,0.6000000536441803
443,443,0.0016217513229303921,1.0,1.3796391532971308,0.6000000536441803
444,444,0.001618391484953463,1.0,1.3795688014764051,0.6000000536441803
445,445,0.0016150232180594825,1.0,1.379514176111955,0.6000000536441803
446,446,0.0016116814334124613,1.0,1.3794488127414997,0.6000000536441803
447,447,0.0016083754778194886,1.0,1.3793769157849824,0.6000000536441803
448,448,0.0016050633835570456,1.0,1.379319993349222,0.6000000536441803
449,449,0.0016017568861850752,1.0,1.3792646252191985,0.6000000536441803
450,450,0.0015984959654116,1.0,1.379225873030149,0.6000000536441803
451,451,0.0015952457167888777,1.0,1.3791626325020423,0.6000000536441803
452,452,0.0015919715761601066,1.0,1.3791105563823993,0.6000000536441803
453,453,0.0015887421322986484,1.0,1.3790429784701421,0.6000000536441803
454,454,0.001585513445136782,1.0,1.3789851757196279,0.6000000536441803
455,455,0.0015822858079515684,1.0,1.3789549332398634,0.6000000536441803
456,456,0.0015791030734992372,1.0,1.378884127506843,0.6000000536441803
457,457,0.0015759478175403695,1.0,1.3788307721798236,0.6000000536441803
458,458,0.0015727735321538954,1.0,1.378777536062094,0.6000000536441803
459,459,0.0015696103196555318,1.0,1.3787140066807086,0.6000000536441803
460,460,0.0015664737707433791,1.0,1.3786502939004164,0.6000000536441803
461,461,0.0015633410747306277,1.0,1.3786099782356849,0.6000000536441803
462,462,0.0015602441831456067,1.0,1.3785317081671495,0.6000000536441803
463,463,0.0015571276755788578,1.0,1.3784904021483202,0.6000000536441803
464,464,0.0015540331973730086,1.0,1.378428028180049,0.6000000536441803
465,465,0.0015509923261841042,1.0,1.378376447237455,0.6000000536441803
466,466,0.0015479493841457253,1.0,1.3783119641817534,0.6000000536441803
467,467,0.0015448933923975206,1.0,1.3782578339943519,0.6000000536441803
468,468,0.001541874633403495,1.0,1.3781991142493029,0.6000000536441803
469,469,0.0015388746127987711,1.0,1.378154951792497,0.6000000536441803
470,470,0.0015358409392110144,1.0,1.3780956589258635,0.6000000536441803
471,471,0.0015328515325493824,1.0,1.3780402541160583,0.6000000536441803
472,472,0.0015298996832615768,1.0,1.3779767155647278,0.6000000536441803
473,473,0.0015269176331527818,1.0,1.377923309803009,0.6000000536441803
474,474,0.0015239803402577168,1.0,1.377870330443749,0.6000000536441803
475,475,0.0015210193971422715,1.0,1.377807887700888,0.6000000536441803
476,476,0.0015180814012777633,1.0,1.3777602406648488,0.6000000536441803
477,477,0.0015151711704675108,1.0,1.3777157343350923,0.6000000536441803
478,478,0.0015122738236991258,1.0,1.3776634060419524,0.6000000536441803
479,479,0.0015093785925553395,1.0,1.3775966580097492,0.6000000536441803
480,480,0.0015064902948394704,1.0,1.3775367507567773,0.6000000536441803
481,481,0.0015036131371743977,1.0,1.3774879437226515,0.6000000536441803
482,482,0.0015007697601014604,1.0,1.377431103816399,0.6000000536441803
483,483,0.0014979157780404561,1.0,1.3773834659503057,0.6000000536441803
484,484,0.0014950996040939712,1.0,1.3773245215415955,0.6000000536441803
485,485,0.001492278558614019,1.0,1.3772620283640349,0.6000000536441803
486,486,0.0014894756448204415,1.0,1.3772140053602366,0.6000000536441803
487,487,0.001486664273005982,1.0,1.3771584446613605,0.6000000536441803
488,488,0.0014839089350201762,1.0,1.3771025630143972,0.6000000536441803
489,489,0.0014811196664455705,1.0,1.3770443201065063,0.6000000536441803
490,490,0.001478369672370788,1.0,1.3769918359242952,0.6000000536441803
491,491,0.0014756128568058978,1.0,1.376941598378695,0.6000000536441803
492,492,0.001472878189255985,1.0,1.376894785807683,0.6000000536441803
493,493,0.0014701603571526133,1.0,1.3768264101101801,0.6000000536441803
494,494,0.0014674575471032697,1.0,1.376785920216487,0.6000000536441803
495,495,0.0014647398538027818,1.0,1.3767356780859141,0.6000000536441803
496,496,0.0014620541254631602,1.0,1.3766851379321172,0.6000000536441803
497,497,0.0014593619024918343,1.0,1.376633841257829,0.6000000536441803
498,498,0.0014566895708692474,1.0,1.3765779458559477,0.6000000536441803
499,499,0.0014540308956594134,1.0,1.3765273369275606,0.6000000536441803
500,500,0.00145136343780905,1.0,1.37648534316283,0.6000000536441803
501,501,0.0014487285292349183,1.0,1.376419608409588,0.6000000536441803
502,502,0.0014460935646918817,1.0,1.3763832587462206,0.6000000536441803
503,503,0.0014434625761798369,1.0,1.376335973923023,0.6000000536441803
504,504,0.0014408779858898085,1.0,1.3762824627069326,0.6000000536441803
505,505,0.0014382745721377432,1.0,1.3762396298922026,0.6000000536441803
506,506,0.0014357028166369463,1.0,1.3761929823802068,0.6000000536441803
507,507,0.0014331156450610321,1.0,1.376137444606194,0.6000000536441803
508,508,0.0014305363830107336,1.0,1.3760913151961107,0.6000000536441803
509,509,0.0014279939082021324,1.0,1.3760474553475013,0.6000000536441803
510,510,0.0014254504931159317,1.0,1.3760092350152822,0.6000000536441803
511,511,0.0014229339341489742,1.0,1.3759590845841627,0.6000000536441803
512,512,0.001420391188450874,1.0,1.3759037164541392,0.6000000536441803
513,513,0.0014178761451218564,1.0,1.375853575192965,0.6000000536441803
514,514,0.0014153590175108267,1.0,1.375803530216217,0.6000000536441803
515,515,0.0014128506837341075,1.0,1.3757600921850939,0.6000000536441803
516,516,0.0014103575623056923,1.0,1.37570832325862,0.6000000536441803
517,517,0.0014079006393260967,1.0,1.3756647247534532,0.6000000536441803
518,518,0.0014054054604807438,1.0,1.3756006543452923,0.6000000536441803
519,519,0.0014029527083039284,1.0,1.3755652812811046,0.6000000536441803
520,520,0.0014005039814107406,1.0,1.3755096197128296,0.6000000536441803
521,521,0.0013980666968004347,1.0,1.3754663513256953,0.6000000536441803
522,522,0.0013956263540491748,1.0,1.3754194745650659,0.6000000536441803
523,523,0.0013931919529568404,1.0,1.3753821345476003,0.6000000536441803
524,524,0.0013907880750663865,1.0,1.3753349551787744,0.6000000536441803
525,525,0.0013883734242811513,1.0,1.3752801693402803,0.6000000536441803
526,526,0.0013859714291846524,1.0,1.375235873919267,0.6000000536441803
527,527,0.001383582105448183,1.0,1.3751885294914246,0.6000000536441803
528,528,0.001381194740623379,1.0,1.3751481954868023,0.6000000536441803
529,529,0.001378834386391995,1.0,1.375101442520435,0.6000000536441803
530,530,0.0013764834886667533,1.0,1.375055391054887,0.6000000536441803
531,531,0.0013741192949685054,1.0,1.3750039430765004,0.6000000536441803
532,532,0.001371782438722081,1.0,1.374961114846743,0.6000000536441803
533,533,0.001369443798186974,1.0,1.374910139120542,0.6000000536441803
534,534,0.001367113416423448,1.0,1.3748639501058137,0.6000000536441803
535,535,0.001364787429338321,1.0,1.3748259911170373,0.6000000536441803
536,536,0.0013624892879026728,1.0,1.3747641077408423,0.6000000536441803
537,537,0.0013601927337451624,1.0,1.3747346951411321,0.6000000536441803
538,538,0.001357899792940141,1.0,1.3746788180791414,0.6000000536441803
539,539,0.0013556219928432256,1.0,1.374634495148292,0.6000000536441803
540,540,0.001353351983617848,1.0,1.3745986085671644,0.6000000536441803
541,541,0.0013510896936238098,1.0,1.3745354001338665,0.6000000536441803
542,542,0.0013488380645867437,1.0,1.3744874825844398,0.6000000536441803
543,543,0.0013465702560587,1.0,1.3744478959303637,0.6000000536441803
544,544,0.0013443460719337543,1.0,1.3744105513279254,0.6000000536441803
545,545,0.0013421118402710329,1.0,1.3743641284795909,0.6000000536441803
546,546,0.0013398807630157815,1.0,1.374319498355572,0.6000000536441803
547,547,0.0013376871849266956,1.0,1.3742775596105135,0.6000000536441803
548,548,0.0013354701581052863,1.0,1.3742287479914153,0.6000000536441803
549,549,0.0013332763919606805,1.0,1.374187707901001,0.6000000536441803
550,550,0.001331085757835983,1.0,1.3741448475764348,0.6000000536441803
551,551,0.0013289148762571411,1.0,1.3741054168114295,0.6000000536441803
552,552,0.0013267322456858193,1.0,1.3740616945120006,0.6025641537629641
553,553,0.0013245760122887217,1.0,1.3740261563887963,0.6025641537629641
554,554,0.0013224092298724616,1.0,1.3739743461975684,0.6025641537629641
555,555,0.0013202474063011603,1.0,1.3739402569257295,0.6025641537629641
556,556,0.0013181299906976235,1.0,1.3738842881642854,0.6025641537629641
557,557,0.0013159696200790887,1.0,1.3738445593760564,0.6025641537629641
558,558,0.001313846934443483,1.0,1.373805018571707,0.6025641537629641
559,559,0.0013117303203146618,1.0,1.3737641068605275,0.6025641537629641
560,560,0.0013096081652642728,1.0,1.3737266613886907,0.6025641537629641
561,561,0.001307515579705628,1.0,1.3736761624996479,0.6025641537629641
562,562,0.0013054128727302528,1.0,1.373636442881364,0.6025641537629641
563,563,0.0013033210662587618,1.0,1.3735937980505137,0.6025641537629641
564,564,0.0013012415102611368,1.0,1.3735420658038213,0.6025641537629641
565,565,0.0012991616788965005,1.0,1.3734954503866343,0.6025641537629641
566,566,0.0012971002859278368,1.0,1.3734583442027752,0.6025641537629641
567,567,0.001295026620097745,1.0,1.3734243145355811,0.6025641537629641
568,568,0.0012929848408720528,1.0,1.3733776074189405,0.6025641537629641
569,569,0.001290932532776004,1.0,1.3733424544334412,0.6025641537629641
570,570,0.0012889018018121044,1.0,1.3732948073974023,0.6025641537629641
571,571,0.0012868562435659652,1.0,1.3732631756709173,0.6025641537629641
572,572,0.0012848472710734664,1.0,1.3732221630903392,0.6025641537629641
573,573,0.0012828134797298564,1.0,1.3731811092450068,0.6025641537629641
574,574,0.0012808165226418239,1.0,1.373135085289295,0.6025641537629641
575,575,0.0012788151372940494,1.0,1.3731023669242859,0.6025641537629641
576,576,0.001276815301165558,1.0,1.3730562787789564,0.6025641537629641
577,577,0.00127482055596864,1.0,1.3730136110232427,0.6025641537629641
578,578,0.0012728269547761346,1.0,1.3729900121688843,0.6025641537629641
579,579,0.001270858832867816,1.0,1.3729348824574397,0.6025641537629641
580,580,0.001268895893680075,1.0,1.3728957863954396,0.6025641537629641
581,581,0.001266940973717003,1.0,1.372857391834259,0.6025641537629641
582,582,0.0012649727600196807,1.0,1.3728288962290838,0.6025641537629641
583,583,0.001263047485666063,1.0,1.3727833995452294,0.6025641537629641
584,584,0.0012610927156996555,1.0,1.3727374351941621,0.6025641537629641
585,585,0.0012591614168531334,1.0,1.3727044004660387,0.6025641537629641
586,586,0.0012572292739955278,1.0,1.3726715307969313,0.6025641537629641
587,587,0.001255304398140512,1.0,1.372626625574552,0.6025641537629641
588,588,0.0012533846826185114,1.0,1.3725831600335927,0.6025641537629641
589,589,0.001251475746707561,1.0,1.372549212895907,0.6025641537629641
590,590,0.0012495784590450616,1.0,1.3725052292530353,0.6025641537629641
591,591,0.0012476853757666855,1.0,1.3724688154000502,0.6025641537629641
592,592,0.0012457863239643092,1.0,1.3724304666885963,0.6025641537629641
593,593,0.0012438952063138669,1.0,1.3723932321255023,0.6025641537629641
594,594,0.0012420280523096712,1.0,1.3723528385162354,0.6025641537629641
595,595,0.0012401528163956334,1.0,1.3723011337793791,0.6025641537629641
596,596,0.0012382914719637483,1.0,1.3722769893132722,0.6025641537629641
597,597,0.001236435679647212,1.0,1.372235738314115,0.6025641537629641
598,598,0.0012345759695073445,1.0,1.3721947165635915,0.6025641537629641
599,599,0.0012327334686863022,1.0,1.372156730064979,0.6025641537629641
600,600,0.0012308752741843748,1.0,1.3721339198259206,0.6025641537629641
601,601,0.0012290647271304177,1.0,1.3720882122333233,0.6025641537629641
602,602,0.0012272257971254964,1.0,1.372048753958482,0.6025641537629641
603,603,0.0012254058249079837,1.0,1.3720144537779002,0.6025641537629641
604,604,0.001223591989121185,1.0,1.3719733540828412,0.6025641537629641
605,605,0.0012217873008921742,1.0,1.3719198107719421,0.6025641537629641
606,606,0.0012199621369990592,1.0,1.3718923513705914,0.6025641537629641
607,607,0.0012181833064040313,1.0,1.371855928347661,0.6025641537629641
608,608,0.0012163726474122645,1.0,1.3718086526944087,0.6025641537629641
609,609,0.0012145881527640785,1.0,1.3717790246009827,0.6025641537629641
610,610,0.0012128148720456432,1.0,1.371730666894179,0.6025641537629641
611,611,0.0012110253357185195,1.0,1.3717018824357252,0.6025641537629641
612,612,0.0012092532975097688,1.0,1.3716524426753705,0.6025641537629641
613,613,0.0012074891665878778,1.0,1.3716142544379601,0.6025641537629641
614,614,0.0012057294639257283,1.0,1.3715832416827862,0.6025641537629641
615,615,0.0012039768491656734,1.0,1.3715464839568505,0.6025641537629641
616,616,0.0012022413183540965,1.0,1.371505265052502,0.6025641537629641
617,617,0.001200477050868078,1.0,1.3714641561874976,0.6025641537629641
618,618,0.0011987535600872855,1.0,1.3714272700823271,0.6025641537629641
619,619,0.0011970222314210753,1.0,1.371392814012674,0.6025641537629641
620,620,0.0011952776023043464,1.0,1.3713569411864648,0.6025641537629641
621,621,0.0011935790221636684,1.0,1.3713094637944148,0.6025641537629641
622,622,0.0011918498203158379,1.0,1.3712720733422499,0.6025641537629641
623,623,0.001190140364297594,1.0,1.3712336787810693,0.6025641537629641
624,624,0.001188435573847248,1.0,1.371194092126993,0.6025641537629641
625,625,0.0011867425861195303,1.0,1.3711606585062468,0.6025641537629641
626,626,0.0011850365777858174,1.0,1.3711107281538157,0.6025641537629641
627,627,0.0011833413960770345,1.0,1.3710874777573805,0.6025641537629641
628,628,0.0011816760323619326,1.0,1.3710368734139662,0.6025641537629641
629,629,0.0011799888519677692,1.0,1.3710103126672597,0.6025641537629641
630,630,0.0011783093012546976,1.0,1.3709655083142793,0.6025641537629641
631,631,0.0011766572245575774,1.0,1.3709356463872469,0.6025641537629641
632,632,0.0011749822453846438,1.0,1.3709023549006536,0.6025641537629641
633,633,0.0011733245762745636,1.0,1.3708651891121497,0.6025641537629641
634,634,0.001171681192667725,1.0,1.370820517723377,0.6025641537629641
635,635,0.0011700233063982944,1.0,1.3707913435422456,0.6025641537629641
636,636,0.0011683938030798275,1.0,1.3707566811488225,0.6025641537629641
637,637,0.001166764516920711,1.0,1.3707218307715197,0.6025641537629641
638,638,0.001165130878619563,1.0,1.3706785027797406,0.6025641537629641
639,639,0.0011634787034171706,1.0,1.370653042426476,0.6025641537629641
640,640,0.0011618868000088977,1.0,1.3706181049346924,0.6025641537629641
641,641,0.001160259421270054,1.0,1.370583978983072,0.6025641537629641
642,642,0.0011586481279944284,1.0,1.3705329528221717,0.6025641537629641
643,643,0.0011570381499880638,1.0,1.3705016924784734,0.6025641537629641
644,644,0.001155440064254575,1.0,1.3704734490467951,0.6025641537629641
645,645,0.0011538333313253063,1.0,1.3704224228858948,0.6025641537629641
646,646,0.0011522554716346068,1.0,1.370394766330719,0.6025641537629641
647,647,0.0011506669845682783,1.0,1.3703610255168035,0.6025641537629641
648,648,0.0011490780519894683,1.0,1.3703250747460585,0.6025641537629641
649,649,0.0011475068783441272,1.0,1.3702837687272291,0.6025641537629641
650,650,0.00114592205612168,1.0,1.3702532190542955,0.6025641537629641
651,651,0.0011443574375544603,1.0,1.3702145264698908,0.6025641537629641
652,652,0.0011427902511338918,1.0,1.370176333647508,0.6025641537629641
653,653,0.0011412294608397554,1.0,1.3701426845330458,0.6025641537629641
654,654,0.0011396705645333545,1.0,1.370101355589353,0.6025641537629641
655,655,0.001138121583678115,1.0,1.3700761153147771,0.6025641537629641
656,656,0.001136593367286528,1.0,1.3700292706489563,0.6025641537629641
657,657,0.0011350413663491893,1.0,1.3699934436724737,0.6025641537629641
658,658,0.0011335113242519302,1.0,1.3699537515640259,0.6025641537629641
659,659,0.0011319768997894314,1.0,1.369923289005573,0.6025641537629641
660,660,0.0011304638498516467,1.0,1.3698877738072321,0.6025641537629641
661,661,0.0011289271552903722,1.0,1.369855834887578,0.6025641537629641
662,662,0.0011274141904253226,1.0,1.369815963965196,0.6025641537629641
663,663,0.001125897171172815,1.0,1.369783612398001,0.6025641537629641
664,664,0.0011243875644420488,1.0,1.3697468775969286,0.6025641537629641
665,665,0.0011228868041563635,1.0,1.3697121097491338,0.6025641537629641
666,666,0.0011213860416319221,1.0,1.3696784881445079,0.6025641537629641
667,667,0.0011198844205444823,1.0,1.3696504968863268,0.6025641537629641
668,668,0.0011184031878096552,1.0,1.3696121344199548,0.6025641537629641
669,669,0.0011169215856800573,1.0,1.3695769493396466,0.6025641537629641
670,670,0.0011154425458069174,1.0,1.3695357854549701,0.6025641537629641
671,671,0.0011139560486369121,1.0,1.3695059785476098,0.6025641537629641
672,672,0.0011124812982206305,1.0,1.3694695142599254,0.6025641537629641
673,673,0.001111018051653026,1.0,1.3694328986681426,0.6025641537629641
674,674,0.0011095610702446161,1.0,1.3694062645618732,0.6025641537629641
675,675,0.001108094997247323,1.0,1.3693611438457782,0.6025641537629641
676,676,0.0011066497055043539,1.0,1.3693339091080885,0.6025641537629641
677,677,0.001105202258958553,1.0,1.3692961839529185,0.6025641537629641
678,678,0.0011037511464494925,1.0,1.369267660837907,0.6025641537629641
679,679,0.0011023024708265439,1.0,1.3692320676950307,0.6025641537629641
680,680,0.0011008766976794084,1.0,1.3691965066469634,0.6025641537629641
681,681,0.001099429172777141,1.0,1.3691729444723864,0.6025641537629641
682,682,0.0010980046007227008,1.0,1.3691335366322444,0.6025641537629641
683,683,0.0010965718851926236,1.0,1.3691128125557532,0.6025641537629641
684,684,0.0010951682298372572,1.0,1.3690778842339149,0.6025641537629641
685,685,0.001093748229322955,1.0,1.3690413740965037,0.6025641537629641
686,686,0.001092332435431532,1.0,1.3690151205429664,0.6025641537629641
687,687,0.0010909112304664003,1.0,1.3689809349867015,0.6025641537629641
688,688,0.0010895105492986308,1.0,1.3689432510962853,0.6025641537629641
689,689,0.0010881263330632534,1.0,1.3689193588036757,0.6025641537629641
690,690,0.0010867241396156785,1.0,1.3688868559323824,0.6025641537629641
691,691,0.0010853174731332378,1.0,1.3688403826493483,0.6025641537629641
692,692,0.001083931227465375,1.0,1.3688140649061937,0.6025641537629641
693,693,0.0010825419650735478,1.0,1.3687811493873596,0.6025641537629641
694,694,0.0010811542463041125,1.0,1.3687302286808307,0.6025641537629641
695,695,0.0010797736199142842,1.0,1.368709004842318,0.6025641537629641
696,696,0.0010784186395959784,1.0,1.3686706515458913,0.6025641537629641
697,697,0.0010770350356604187,1.0,1.3686351913672228,0.6025641537629641
698,698,0.001075674697998553,1.0,1.3686077044560359,0.6025641537629641
699,699,0.0010743126913439482,1.0,1.3685729457781866,0.6025641537629641
700,700,0.0010729515029547305,1.0,1.3685338680560772,0.6025641537629641
701,701,0.0010715984345342105,1.0,1.3685001868468065,0.6025641537629641
702,702,0.0010702406031598982,1.0,1.3684709851558392,0.6025641537629641
703,703,0.00106889383683805,1.0,1.368440595956949,0.6025641537629641
704,704,0.001067554418114014,1.0,1.3684162222422087,0.6025641537629641
705,705,0.0010662075040342573,1.0,1.3683767639673674,0.6025641537629641
706,706,0.0010648821872354557,1.0,1.3683510331007152,0.6025641537629641
707,707,0.0010635489407622328,1.0,1.3683120562480047,0.6025641537629641
708,708,0.0010622202591128792,1.0,1.3682768895075872,0.6025641537629641
709,709,0.0010608969224939267,1.0,1.3682492833871107,0.6025641537629641
710,710,0.0010595641954121394,1.0,1.3682162440740144,0.6025641537629641
711,711,0.001058247955650306,1.0,1.3681804125125592,0.6025641537629641
712,712,0.0010569399668244072,1.0,1.3681553372969995,0.6025641537629641
713,713,0.0010556141541411097,1.0,1.368123485491826,0.6025641537629641
714,714,0.0010543255439887827,1.0,1.3680951778705304,0.6025641537629641
715,715,0.0010530240251682699,1.0,1.3680504606320307,0.6025641537629641
716,716,0.001051724649956808,1.0,1.368031029517834,0.6025641537629641
717,717,0.0010504234221746,1.0,1.3680152480418866,0.6025641537629641
718,718,0.0010491377134502938,1.0,1.3679726857405443,0.6025641537629641
719,719,0.001047843883637912,1.0,1.367940251643841,0.6025641537629641
720,720,0.0010465538093390374,1.0,1.3679078679818373,0.6025641537629641
721,721,0.0010452822730607854,1.0,1.3678875932326684,0.6025641537629641
722,722,0.0010440049350458698,1.0,1.3678478277646577,0.6025641537629641
723,723,0.001042727605985979,1.0,1.3678226058299725,0.6025641537629641
724,724,0.0010414753677860762,1.0,1.367793083190918,0.6025641537629641
725,725,0.0010401878803699778,1.0,1.3677520660253673,0.6025641537629641
726,726,0.0010389225924602495,1.0,1.3677284121513367,0.6025641537629641
727,727,0.0010376789051896105,1.0,1.3676884999642005,0.6025641537629641
728,728,0.001036418581721731,1.0,1.367666102372683,0.6025641537629641
729,729,0.0010351605507401894,1.0,1.367633947959313,0.6025641537629641
730,730,0.0010339089998384365,1.0,1.3676009407410255,0.6025641537629641
731,731,0.0010326684244389,1.0,1.3675761406238263,0.6025641537629641
732,732,0.0010314254972259873,1.0,1.36754349561838,0.6025641537629641
733,733,0.0010301929522449006,1.0,1.3675120014410753,0.6025641537629641
734,734,0.0010289584796947355,1.0,1.3674787741440992,0.6025641537629641
735,735,0.0010277160013524385,1.0,1.3674527681790865,0.6025641537629641
736,736,0.001026485728708884,1.0,1.3674309712189894,0.6025641537629641
737,737,0.0010252641693044167,1.0,1.367392883850978,0.6025641537629641
738,738,0.0010240458874390102,1.0,1.3673657178878784,0.6025641537629641
739,739,0.0010228322420376712,1.0,1.3673434670154865,0.6025641537629641
740,740,0.001021613337798044,1.0,1.3673126651690557,0.6025641537629641
741,741,0.001020386662835685,1.0,1.367282734467433,0.6025641537629641
742,742,0.0010191850910464732,1.0,1.3672555501644428,0.6025641537629641
743,743,0.0010179742832686035,1.0,1.3672150648557222,0.6025641537629641
744,744,0.0010167674268954075,1.0,1.367180654635796,0.6025641537629641
745,745,0.0010155591936871554,1.0,1.3671591786237864,0.6025641537629641
746,746,0.001014369451485646,1.0,1.3671244566257184,0.6025641537629641
747,747,0.0010131679300684482,1.0,1.3670962407038763,0.6025641537629641
748,748,0.0010119838978145989,1.0,1.367063976251162,0.6025641537629641
749,749,0.0010107976480727443,1.0,1.367037947361286,0.6025641537629641
750,750,0.0010096087442854275,1.0,1.3669985716159527,0.6025641537629641
751,751,0.0010084316488176298,1.0,1.3669799978916461,0.6025641537629641
752,752,0.0010072506590334412,1.0,1.3669423644359295,0.6025641537629641
753,753,0.0010060811272034277,1.0,1.366917371749878,0.6025641537629641
754,754,0.0010048984650683661,1.0,1.3668812146553626,0.6025641537629641
755,755,0.0010037370185063293,1.0,1.366852838259477,0.6025641537629641
756,756,0.001002557929426145,1.0,1.3668200923846319,0.6025641537629641
757,757,0.0010013991492227293,1.0,1.3667845450914824,0.6025641537629641
758,758,0.0010002333460411488,1.0,1.3667662969002357,0.6025641537629641
759,759,0.0009990768583240705,1.0,1.366733899483314,0.6025641537629641
760,760,0.0009979205776919397,1.0,1.3667018596942608,0.6025641537629641
761,761,0.0009967692816504636,1.0,1.3666719289926381,0.6025641537629641
762,762,0.000995622482150793,1.0,1.3666420441407423,0.6025641537629641
763,763,0.000994464763117811,1.0,1.3666182710574224,0.6025641537629641
764,764,0.0009933263600732272,1.0,1.366591371022738,0.6025641537629641
765,765,0.0009921851955228844,1.0,1.366560005224668,0.6025641537629641
766,766,0.0009910451022173779,1.0,1.3665318351525526,0.6025641537629641
767,767,0.0009899059906064605,1.0,1.3665003730700567,0.6025641537629641
768,768,0.0009887633831777538,1.0,1.366478443145752,0.6025641537629641
769,769,0.0009876411405947204,1.0,1.3664486499933095,0.6025641537629641
770,770,0.0009865202838017677,1.0,1.3664204661662762,0.6025641537629641
771,771,0.0009854033101314248,1.0,1.3663794535856981,0.6025641537629641
772,772,0.0009842796213118932,1.0,1.3663554466687715,0.6025641537629641
773,773,0.0009831456901827971,1.0,1.3663269097988422,0.6025641537629641
774,774,0.000982040025589343,1.0,1.366300092293666,0.6025641537629641
775,775,0.000980932281191389,1.0,1.366271789257343,0.6025641537629641
776,776,0.000979821108138332,1.0,1.3662440822674677,0.6025641537629641
777,777,0.0009787124536859875,1.0,1.36620072218088,0.6025641537629641
778,778,0.0009776136990135105,1.0,1.366172772187453,0.6025641537629641
779,779,0.0009765108440590736,1.0,1.3661480225049532,0.6025641537629641
780,780,0.0009754132624948397,1.0,1.366123350766989,0.6025641537629641
781,781,0.000974309925088444,1.0,1.366086666400616,0.6025641537629641
782,782,0.0009732243925100192,1.0,1.3660718019192035,0.6025641537629641
783,783,0.0009721396849132501,1.0,1.3660312249110296,0.6025641537629641
784,784,0.0009710472032356148,1.0,1.3660064843984752,0.6025641537629641
785,785,0.0009699615083473662,1.0,1.3659790891867418,0.6025641537629641
786,786,0.0009688796260609076,1.0,1.3659552931785583,0.6025641537629641
787,787,0.0009678037671479755,1.0,1.3659136249468877,0.6025641537629641
788,788,0.000966724646367276,1.0,1.3658949136734009,0.6025641537629641
789,789,0.0009656548231410292,1.0,1.3658678118999188,0.6025641537629641
790,790,0.0009645811817161023,1.0,1.3658330486370966,0.6025641537629641
791,791,0.000963513886045593,1.0,1.3658052316078773,0.6025641537629641
792,792,0.0009624369570072024,1.0,1.365776722247784,0.6025641537629641
793,793,0.0009613848412230324,1.0,1.365752174304082,0.6025641537629641
794,794,0.0009603264591602895,1.0,1.3657194146743188,0.6025641537629641
795,795,0.0009592661797516764,1.0,1.3656970308377192,0.6025641537629641
796,796,0.0009582091700464773,1.0,1.365668379343473,0.6025641537629641
797,797,0.0009571660473459185,1.0,1.3656377104612498,0.6025641537629641
798,798,0.0009561248343043888,1.0,1.3656141116068914,0.6025641537629641
799,799,0.0009550746964613119,1.0,1.3655811364834125,0.6025641537629641
800,800,0.0009540292947069526,1.0,1.365549977009113,0.6025641537629641
801,801,0.0009529871727304104,1.0,1.3655279508003821,0.6025641537629641
802,802,0.000951961908587971,1.0,1.365498579465426,0.6025641537629641
803,803,0.0009509133602617881,1.0,1.3654687358782842,0.6025641537629641
804,804,0.0009498845846302664,1.0,1.3654512350375836,0.6025641537629641
805,805,0.0009488536038238985,1.0,1.3654232483643751,0.6025641537629641
806,806,0.0009478225413029297,1.0,1.3653842531717741,0.6025641537629641
807,807,0.0009467968137379593,1.0,1.365362708385174,0.6025641537629641
808,808,0.000945773979765363,1.0,1.3653288254371057,0.6025641537629641
809,809,0.0009447528438893362,1.0,1.3652962262813861,0.6025641537629641
810,810,0.0009437436081218318,1.0,1.3652720405505254,0.6025641537629641
811,811,0.0009427222338182708,1.0,1.365246791106004,0.6025641537629641
812,812,0.0009416932869219006,1.0,1.365225613117218,0.6025641537629641
813,813,0.0009406940416038896,1.0,1.3651917989437397,0.6025641537629641
814,814,0.000939689304616947,1.0,1.3651512127656202,0.6025641537629641
815,815,0.0009386754099978134,1.0,1.3651340512128978,0.6025641537629641
816,816,0.0009376690678226834,1.0,1.3651015620965223,0.6025641537629641
817,817,0.0009366716605235034,1.0,1.365071415901184,0.6025641537629641
818,818,0.0009356706510656155,1.0,1.3650518013880804,0.6025641537629641
819,819,0.0009346681237310314,1.0,1.3650187391501207,0.6025641537629641
820,820,0.0009336726954923227,1.0,1.3649875705058758,0.6025641537629641
821,821,0.0009326884845414987,1.0,1.3649603770329402,0.6025641537629641
822,822,0.0009316914455177119,1.0,1.3649409367487981,0.6025641537629641
823,823,0.0009307103587511497,1.0,1.3649030465346117,0.6025641537629641
824,824,0.0009297217889420259,1.0,1.3648836521001964,0.6025641537629641
825,825,0.0009287367350994968,1.0,1.364852717289558,0.6025641537629641
826,826,0.0009277513051459279,1.0,1.3648238090368419,0.6025641537629641
827,827,0.0009267790670632026,1.0,1.3647921085357666,0.6025641537629641
828,828,0.0009258085819265733,1.0,1.3647622420237615,0.6025641537629641
829,829,0.0009248229124260923,1.0,1.3647455252133882,0.6025641537629641
830,830,0.0009238434319670957,1.0,1.36471073444073,0.6025641537629641
831,831,0.0009228833234654024,1.0,1.364692591703855,0.6025641537629641
832,832,0.0009219165804097429,1.0,1.364653697380653,0.6025641537629641
833,833,0.0009209451012653657,1.0,1.3646315106978784,0.6025641537629641
834,834,0.0009199864602683542,1.0,1.3646008097208464,0.6025641537629641
835,835,0.0009190231413902858,1.0,1.3645853446080134,0.6025641537629641
836,836,0.0009180614321779173,1.0,1.3645483943132253,0.6025641537629641
837,837,0.0009171050668765719,1.0,1.3645293758465693,0.6025641537629641
838,838,0.0009161472508612161,1.0,1.3645064418132489,0.6025641537629641
839,839,0.0009151947015197948,1.0,1.3644734025001526,0.6025641537629641
840,840,0.0009142510008622104,1.0,1.3644514358960664,0.6025641537629641
841,841,0.0009132996705235341,1.0,1.3644253749113817,0.6025641537629641
842,842,0.0009123587951762602,1.0,1.3644010928960948,0.6025641537629641
843,843,0.000911407076413385,1.0,1.3643778195747962,0.6025641537629641
844,844,0.0009104677346141005,1.0,1.3643526113950288,0.6025641537629641
845,845,0.0009095222686972612,1.0,1.3643117134387677,0.6025641537629641
846,846,0.0009085890331054822,1.0,1.3642922639846802,0.6025641537629641
847,847,0.000907657700456464,1.0,1.3642621819789593,0.6025641537629641
848,848,0.0009067296263170787,1.0,1.3642414899972768,0.6025641537629641
849,849,0.0009057959362577933,1.0,1.3642144432434669,0.6025641537629641
850,850,0.0009048734511732339,1.0,1.3641846684309153,0.6025641537629641
851,851,0.0009039331030530425,1.0,1.3641540316435008,0.6025641537629641
852,852,0.000903009847836354,1.0,1.364132936184223,0.6025641537629641
853,853,0.0009020968293323397,1.0,1.3641134959000807,0.6025641537629641
854,854,0.0009011683275905222,1.0,1.3640802869429955,0.6025641537629641
855,855,0.0009002542982880885,1.0,1.3640497235151439,0.6025641537629641
856,856,0.0008993427249011942,1.0,1.3640282795979426,0.6025641537629641
857,857,0.000898426568780381,1.0,1.3640005863629854,0.6025641537629641
858,858,0.0008975126189537919,1.0,1.3639772396821241,0.6025641537629641
859,859,0.0008966086819642582,1.0,1.3639528476274931,0.6025641537629641
860,860,0.0008957023024917222,1.0,1.363916461284344,0.6025641537629641
861,861,0.0008947955289980969,1.0,1.3638933484370892,0.6025641537629641
862,862,0.0008938883737965415,1.0,1.3638575627253606,0.6025641537629641
863,863,0.0008929981715762272,1.0,1.3638348854505098,0.6025641537629641
864,864,0.0008920946778604188,1.0,1.3638121210611784,0.6025641537629641
865,865,0.0008911937117003477,1.0,1.363787293434143,0.6025641537629641
866,866,0.0008902983267594558,1.0,1.3637562944338872,0.6025641537629641
867,867,0.0008894042167902136,1.0,1.3637382158866296,0.6025641537629641
868,868,0.0008885153768530402,1.0,1.3637133928445668,0.6025641537629641
869,869,0.0008876270697398398,1.0,1.3636767405730028,0.6025641537629641
870,870,0.0008867385477060452,1.0,1.3636590655033405,0.6025641537629641
871,871,0.0008858578781095835,1.0,1.3636303681593676,0.6025641537629641
872,872,0.0008849677374550643,1.0,1.363602707019219,0.6025641537629641
873,873,0.0008840894353432724,1.0,1.363590996999007,0.6025641537629641
874,874,0.0008832074560744402,1.0,1.3635553625913768,0.6025641537629641
875,875,0.0008823295379093346,1.0,1.3635302461110628,0.6025641537629641
876,876,0.0008814517619052472,1.0,1.3635141666118915,0.6025641537629641
877,877,0.0008805858994422194,1.0,1.3634732273908763,0.6025641537629641
878,878,0.0008797072872626954,1.0,1.363459321168753,0.6025641537629641
879,879,0.0008788361502900863,1.0,1.363430380821228,0.6025641537629641
880,880,0.0008779738731950951,1.0,1.363399666089278,0.6025641537629641
881,881,0.0008771103726198467,1.0,1.3633692906453059,0.6025641537629641
882,882,0.0008762507630028547,1.0,1.3633461548731878,0.6025641537629641
883,883,0.0008753820696326259,1.0,1.3633243716680086,0.6025641537629641
884,884,0.0008745251353292798,1.0,1.3632935973314138,0.6025641537629641
885,885,0.0008736645272270275,1.0,1.3632773619431715,0.6025641537629641
886,886,0.000872802625123698,1.0,1.3632460282399104,0.6025641537629641
887,887,0.0008719556902248699,1.0,1.3632220671727107,0.6025641537629641
888,888,0.0008711085146597514,1.0,1.3632000272090619,0.6025641537629641
889,889,0.00087025173035307,1.0,1.3631714765842144,0.6025641537629641
890,890,0.0008694127206511509,1.0,1.3631413074640126,0.6025641537629641
891,891,0.0008685565363311281,1.0,1.3631224173765917,0.6025641537629641
892,892,0.0008677131106826261,1.0,1.3630946691219623,0.6025641537629641
893,893,0.0008668705156126705,1.0,1.363076049547929,0.6025641537629641
894,894,0.0008660326611089448,1.0,1.3630478427960322,0.6025641537629641
895,895,0.000865191889505905,1.0,1.3630153307547936,0.6025641537629641
896,896,0.0008643547905823932,1.0,1.3629979766332185,0.6025641537629641
897,897,0.0008635134279477195,1.0,1.3629733003102815,0.6025641537629641
898,898,0.0008626834247619486,1.0,1.362939064319317,0.6025641537629641
899,899,0.0008618528865134487,1.0,1.3629316366635835,0.6025641537629641
900,900,0.0008610273082292854,1.0,1.3628982993272634,0.6025641537629641
901,901,0.0008601969994532948,1.0,1.3628724905160756,0.6025641537629641
902,902,0.0008593595255381212,1.0,1.3628496619371266,0.6025641537629641
903,903,0.000858539266538663,1.0,1.3628353476524353,0.6025641537629641
904,904,0.0008577128722278688,1.0,1.362809813939608,0.6025641537629641
905,905,0.0008568946169151997,1.0,1.3627874759527354,0.6025641537629641
906,906,0.0008560736258424675,1.0,1.3627588198735163,0.6025641537629641
907,907,0.0008552512433827639,1.0,1.3627336025238037,0.6025641537629641
908,908,0.0008544394054647105,1.0,1.3627153176527758,0.6025641537629641
909,909,0.0008536168058456567,1.0,1.3626962579213655,0.6025641537629641
910,910,0.0008528064119253451,1.0,1.3626658457976122,0.6025641537629641
911,911,0.0008519917386225783,1.0,1.3626479047995348,0.6025641537629641
912,912,0.0008511876915760625,1.0,1.3626196842927198,0.6025641537629641
913,913,0.000850383791168077,1.0,1.3626023347561176,0.6025641537629641
914,914,0.0008495730166592133,1.0,1.3625756410452037,0.6025641537629641
915,915,0.0008487688005866053,1.0,1.3625475397476783,0.6025641537629641
916,916,0.0008479594846273988,1.0,1.36253749865752,0.6025641537629641
917,917,0.0008471612225268752,1.0,1.3625070727788484,0.6025641537629641
918,918,0.000846361979851141,1.0,1.3624871556575482,0.6025641537629641
919,919,0.0008455656968110886,1.0,1.36246081498953,0.6025641537629641
920,920,0.0008447633254735803,1.0,1.3624375049884503,0.6025641537629641
921,921,0.0008439687304556943,1.0,1.3624168038368225,0.6025641537629641
922,922,0.0008431759712178833,1.0,1.362383796618535,0.6025641537629641
923,923,0.0008423828951960716,1.0,1.36235917531527,0.6025641537629641
924,924,0.0008415902098372149,1.0,1.362345012334677,0.6025641537629641
925,925,0.0008408001214355374,1.0,1.3623204506360567,0.6025641537629641
926,926,0.00084001972572878,1.0,1.362290634558751,0.6025641537629641
927,927,0.0008392291671883028,1.0,1.3622672970478351,0.6025641537629641
928,928,0.0008384496804165582,1.0,1.3622448306817274,0.6025641537629641
929,929,0.000837669748132332,1.0,1.3622122315260081,0.6025641537629641
930,930,0.000836894532907396,1.0,1.3621962483112628,0.6025641537629641
931,931,0.0008361068825112083,1.0,1.362181035371927,0.6025641537629641
932,932,0.0008353364044943681,1.0,1.3621525581066425,0.6025641537629641
933,933,0.0008345550841813048,1.0,1.3621297707924476,0.6025641537629641
934,934,0.0008337824625554136,1.0,1.3621066350203295,0.6025641537629641
935,935,0.0008330045070929023,1.0,1.36208464549138,0.6025641537629641
936,936,0.0008322338678856165,1.0,1.362055072417626,0.6025641537629641
937,937,0.0008314641622396616,1.0,1.3620301760160005,0.6025641537629641
938,938,0.0008306994826013509,1.0,1.362012702685136,0.6025641537629641
939,939,0.0008299329683023433,1.0,1.3619894706285918,0.6025641537629641
940,940,0.0008291644648684618,1.0,1.3619733865444477,0.6025641537629641
941,941,0.0008284049019074211,1.0,1.3619407094441927,0.6025641537629641
942,942,0.0008276423580425147,1.0,1.3619151573914747,0.6025641537629641
943,943,0.0008268791302375925,1.0,1.3619000223966746,0.6025641537629641
944,944,0.0008261259768355208,1.0,1.3618744703439565,0.6025641537629641
945,945,0.0008253639646752093,1.0,1.3618437922917879,0.6025641537629641
946,946,0.0008246173629931246,1.0,1.3618251176980825,0.6025641537629641
947,947,0.0008238622350080942,1.0,1.361797910470229,0.6025641537629641
948,948,0.0008231088420591102,1.0,1.3617878693800707,0.6025641537629641
949,949,0.0008223658503713802,1.0,1.3617572692724376,0.6025641537629641
950,950,0.0008216163483806527,1.0,1.361732813028189,0.6025641537629641
951,951,0.0008208659329774001,1.0,1.3617176551085253,0.6025641537629641
952,952,0.0008201167522481858,1.0,1.3616900168932402,0.6025641537629641
953,953,0.0008193767168380034,1.0,1.361667472582597,0.6025641537629641
954,954,0.0008186388283950061,1.0,1.3616492060514598,0.6025641537629641
955,955,0.0008178944386040362,1.0,1.3616191836503835,0.6025641537629641
956,956,0.0008171486854105472,1.0,1.361601976247934,0.6025641537629641
957,957,0.000816413771155147,1.0,1.3615800738334656,0.6025641537629641
958,958,0.0008156715272119842,1.0,1.361559808254242,0.6025641537629641
959,959,0.0008149334003414529,1.0,1.3615373006233802,0.6025641537629641
960,960,0.0008142079537859759,1.0,1.3615056001223051,0.6025641537629641
961,961,0.0008134670016051342,1.0,1.3614905522419856,0.6025641537629641
962,962,0.0008127391864456093,1.0,1.3614618869928212,0.6025641537629641
963,963,0.0008120134242255097,1.0,1.3614424696335425,0.6025641537629641
964,964,0.0008112864485995558,1.0,1.3614111680250902,0.6025641537629641
965,965,0.0008105515332247776,1.0,1.3613894123297472,0.6025641537629641
966,966,0.0008098374438794473,1.0,1.3613717831098116,0.6025641537629641
967,967,0.0008091038258638806,1.0,1.3613441173846905,0.6025641537629641
968,968,0.0008083865373359564,1.0,1.36132851930765,0.6025641537629641
969,969,0.0008076634425938559,1.0,1.3612986986453717,0.6025641537629641
970,970,0.0008069433231587306,1.0,1.3612812757492065,0.6025641537629641
971,971,0.000806227108114399,1.0,1.3612612852683434,0.6025641537629641
972,972,0.0008055093718352369,1.0,1.3612292408943176,0.6025641537629641
973,973,0.0008048052796556686,1.0,1.3612059308932378,0.6025641537629641
974,974,0.0008040864687735358,1.0,1.361188842700078,0.6025641537629641
975,975,0.0008033665105288562,1.0,1.3611659453465388,0.6025641537629641
976,976,0.0008026623467090898,1.0,1.361142438191634,0.6025641537629641
977,977,0.0008019571138832432,1.0,1.3611201047897339,0.6025641537629641
978,978,0.000801245478214696,1.0,1.3611010588132417,0.6025641537629641
979,979,0.0008005331518898646,1.0,1.3610742321381202,0.6025641537629641
980,980,0.0007998269272950263,1.0,1.3610574511381297,0.6025641537629641
981,981,0.0007991340647165019,1.0,1.3610317065165594,0.6025641537629641
982,982,0.000798424255873005,1.0,1.3610061911436229,0.6025641537629641
983,983,0.0007977277295699773,1.0,1.3609893597089326,0.6025641537629641
984,984,0.0007970192012950205,1.0,1.3609565909092243,0.6025641537629641
985,985,0.0007963242040624699,1.0,1.3609418135422926,0.6025641537629641
986,986,0.0007956292762313611,1.0,1.3609190262280977,0.6025641537629641
987,987,0.000794929924618023,1.0,1.36088332763085,0.6025641537629641
988,988,0.000794238583274329,1.0,1.3608762484330397,0.6025641537629641
989,989,0.0007935513713164255,1.0,1.360853176850539,0.6025641537629641
990,990,0.0007928623157428005,1.0,1.360821091211759,0.6025641537629641
991,991,0.0007921734291952676,1.0,1.3608072308393626,0.6025641537629641
992,992,0.0007914832273784738,1.0,1.3607833247918348,0.6025641537629641
993,993,0.0007907958531107467,1.0,1.3607578185888438,0.6025641537629641
994,994,0.0007901092467363924,1.0,1.3607398088161762,0.6025641537629641
995,995,0.000789422710882858,1.0,1.3607184153336744,0.6025641537629641
996,996,0.0007887461039130217,1.0,1.3606973336293147,0.6025641537629641
997,997,0.0007880615549556052,1.0,1.360674812243535,0.6025641537629641
998,998,0.0007873803674906063,1.0,1.3606472611427307,0.6025641537629641
999,999,0.0007867026120388451,1.0,1.3606285590391893,0.6025641537629641
