,epoch,train_err,train_acc,valid_err,valid_acc
0,0,4.6689960681475124,0.04935897750636706,4.38688534956712,0.05641026021196292
1,1,4.219185870427352,0.06923077370111759,3.883292216521043,0.10000000664821038
2,2,3.703783324131599,0.12756411265581846,3.3558091750511756,0.16153847254239595
3,3,3.22397891833232,0.18397437394238436,2.9940185913672814,0.2205128429027704
4,4,2.7899680596131544,0.27500002229442966,2.500990940974309,0.3179487448472243
5,5,2.522741769368832,0.30448720561197173,2.419175753226647,0.32564104749606204
6,6,2.208441232259457,0.37884618169986284,2.0642246099618764,0.3923077193590311
7,7,1.891317381308629,0.45192311188349354,1.793296639735882,0.4461538837506221
8,8,1.5686098772745867,0.5378205598546908,1.6761074983156645,0.4974359365609976
9,9,1.322700607088896,0.6128205634080447,1.5696352261763353,0.5564103057751288
10,10,1.0377520127938344,0.710897493820924,1.4204257910068219,0.5461538984225347
11,11,0.813618426139538,0.7891026265346087,1.301318177810082,0.587179537002857
12,12,0.5308090482766812,0.9000000495177048,1.2685375213623047,0.6102564655817472
13,13,0.3175853103972398,0.9743589953734324,1.2435914736527662,0.6205128798118005
14,14,0.18531547443797955,0.9987179499406081,1.232437720665565,0.623076970760639
15,15,0.1261405827334294,1.0,1.2186504235634437,0.6435898038057181
16,16,0.09744673723784777,1.0,1.2087360116151662,0.6333333987456101
17,17,0.08080949849234177,1.0,1.1956638464560876,0.630769289456881
18,18,0.06965450054177871,1.0,1.1854383578667274,0.6333333941606375
19,19,0.061919232042363055,1.0,1.1798578959244947,0.6333333941606375
20,20,0.05607566925195547,1.0,1.1704232463469872,0.6410256945169889
21,21,0.05149426984672363,1.0,1.1666447749504676,0.6410256945169889
22,22,0.047521424981263966,1.0,1.162905133687533,0.6358974896944486
23,23,0.04428560344072489,1.0,1.1610839137664208,0.6282051801681519
24,24,0.04150538210971998,1.0,1.157362176821782,0.6410256991019616
25,25,0.03913006236633429,1.0,1.1535592400110686,0.6333333872831785
26,26,0.036927889889249436,1.0,1.1516222586998572,0.6410256968094752
27,27,0.03497224304681787,1.0,1.1493720733202422,0.6435897992207453
28,28,0.033258948009461164,1.0,1.1477534770965576,0.6358974874019623
29,29,0.031703486250570186,1.0,1.145315679220053,0.6384615898132324
30,30,0.030274878470943525,1.0,1.143487471800584,0.6307692802869357
31,31,0.029086516382029422,1.0,1.1418869770490205,0.6333333849906921
32,32,0.027938408132355947,1.0,1.1398482918739319,0.6358974896944486
33,33,0.026880495823346652,1.0,1.1375593634752126,0.6358974896944486
34,34,0.02590526113859736,1.0,1.1358929872512817,0.6358974942794213
35,35,0.02499001813479341,1.0,1.1339936210558965,0.6358974942794213
36,36,0.024137576253941424,1.0,1.1319920604045575,0.638461594398205
37,37,0.02340029735261431,1.0,1.1300316865627582,0.638461594398205
38,38,0.022690127209688608,1.0,1.1282521990629344,0.6358974942794213
39,39,0.02206890331581235,1.0,1.1263131820238554,0.6410256899320163
40,40,0.021427643162986405,1.0,1.1248432122744048,0.6435897946357727
41,41,0.020843917289032385,1.0,1.1229925935085003,0.6435897946357727
42,42,0.020246720442978237,1.0,1.12179290331327,0.6512821041620694
43,43,0.01971276620259652,1.0,1.1206865081420312,0.648717999458313
44,44,0.019170708703593567,1.0,1.1190555508320148,0.648717999458313
45,45,0.01868225257987013,1.0,1.1173393313701336,0.6512821041620694
46,46,0.018247469794005156,1.0,1.1159486770629883,0.6512821041620694
47,47,0.01782509584266406,1.0,1.1143901256414561,0.6538462042808533
48,48,0.017425602481055718,1.0,1.1133985473559453,0.6538462134507986
49,49,0.017030780132000264,1.0,1.1119612134419954,0.6538462134507986
50,50,0.016673506148016222,1.0,1.1105632185935974,0.6538462134507986
51,51,0.016311103800454967,1.0,1.1096025659487798,0.6538462134507986
52,52,0.015960720116988972,1.0,1.1083389566494868,0.6538462134507986
53,53,0.01565414033113764,1.0,1.1075586676597595,0.6538462134507986
54,54,0.01536070342318943,1.0,1.1066741759960468,0.6538462134507986
55,55,0.01507595176092134,1.0,1.1055755477685194,0.6512821087470422
56,56,0.014801222848920869,1.0,1.1046032171982985,0.6487180086282583
57,57,0.01452799655425434,1.0,1.1033096130077655,0.6487180086282583
58,58,0.014274627471772524,1.0,1.102044756595905,0.6487180086282583
59,59,0.014026138877782684,1.0,1.1008747907785268,0.6512821087470422
60,60,0.013792384505415192,1.0,1.0998750925064087,0.6512821087470422
61,61,0.013545543170319153,1.0,1.0987702149611254,0.6512821087470422
62,62,0.013320089676059209,1.0,1.0977582702269921,0.6512821087470422
63,63,0.013094722508237911,1.0,1.0963585376739502,0.6538462134507986
64,64,0.012875257650963388,1.0,1.0949657834493196,0.6564103181545551
65,65,0.012657675677194046,1.0,1.09352930692526,0.6589744182733389
66,66,0.012455122724462014,1.0,1.091868295119359,0.6589744182733389
67,67,0.012256872052183518,1.0,1.0904829135307899,0.6589744182733389
68,68,0.01205328912832416,1.0,1.089098403087029,0.6589744182733389
69,69,0.011867481588314358,1.0,1.0876450125987713,0.6589744182733389
70,70,0.011685229640883895,1.0,1.086348914183103,0.6615385183921227
71,71,0.011518794273097929,1.0,1.0849993366461534,0.6589744182733389
72,72,0.011358348294519462,1.0,1.0837335632397578,0.6615385183921227
73,73,0.011190358334435867,1.0,1.082885966851161,0.66153851380715
74,74,0.011040653030459698,1.0,1.081817388534546,0.66153851380715
75,75,0.01089409484456365,1.0,1.0807979198602529,0.6589744091033936
76,76,0.010749548190058423,1.0,1.0797512164482703,0.6615385092221774
77,77,0.010611812799022747,1.0,1.0786759119767408,0.6641026093409612
78,78,0.010471735006341567,1.0,1.0777215040647066,0.6641026093409612
79,79,0.010331407887861133,1.0,1.0766020600612347,0.6641026093409612
80,80,0.010198055650107563,1.0,1.075658999956571,0.6666667094597449
81,81,0.010063908618086806,1.0,1.074643414754134,0.6666667094597449
82,82,0.009931485616387082,1.0,1.073747809116657,0.6666667140447177
83,83,0.009806662788972832,1.0,1.0728536294056819,0.6666667140447177
84,84,0.009678733284370257,1.0,1.0720257759094238,0.6666667140447177
85,85,0.009560187956174979,1.0,1.071169376373291,0.6692308187484741
86,86,0.009450153582012998,1.0,1.0703707750026996,0.6666667186296903
87,87,0.009335560294298025,1.0,1.0695436963668237,0.6692308233334467
88,88,0.00922006385651632,1.0,1.0686335563659668,0.666666723214663
89,89,0.009108304592350928,1.0,1.0679488319617052,0.666666723214663
90,90,0.009003963366222497,1.0,1.06706479879526,0.6692308233334467
91,91,0.008892239375899617,1.0,1.0663120975861182,0.6692308233334467
92,92,0.008787086663337855,1.0,1.0656924981337328,0.6692308233334467
93,93,0.00868797148219668,1.0,1.0648662447929382,0.6692308233334467
94,94,0.008590758366223712,1.0,1.0639331524188702,0.6717949234522306
95,95,0.00849862301793809,1.0,1.0633369225722094,0.6717949234522306
96,96,0.00840221350797667,1.0,1.0626115798950195,0.6717949234522306
97,97,0.008308970566409139,1.0,1.0620524745721083,0.6692308233334467
98,98,0.008219485090544017,1.0,1.0615377471997187,0.6692308233334467
99,99,0.008129205653229011,1.0,1.0608865160208483,0.6692308233334467
100,100,0.008040560606437234,1.0,1.0602925373957708,0.6692308233334467
101,101,0.007960022346546443,1.0,1.0597638533665583,0.6666667186296903
102,102,0.007875238142262857,1.0,1.0591239470701952,0.6666667186296903
103,103,0.007794310732816274,1.0,1.0586883104764497,0.6641026185109065
104,104,0.007713597491741753,1.0,1.0581558805245619,0.6641026185109065
105,105,0.0076328914236420626,1.0,1.0576414190805876,0.6641026185109065
106,106,0.007554599101870106,1.0,1.0571741920251112,0.6641026185109065
107,107,0.007478321947229023,1.0,1.0567523332742543,0.666666723214663
108,108,0.007405056868894742,1.0,1.056348640185136,0.666666723214663
109,109,0.007336264762740869,1.0,1.0559194500629718,0.666666723214663
110,110,0.007265397580340505,1.0,1.0554892420768738,0.666666723214663
111,111,0.007195652480452106,1.0,1.0553430227132945,0.666666723214663
112,112,0.007128989368748779,1.0,1.0549836296301622,0.666666723214663
113,113,0.007059689960442483,1.0,1.054686610515301,0.666666723214663
114,114,0.006994082565562656,1.0,1.0544487421329205,0.666666723214663
115,115,0.006927376630930946,1.0,1.0541132688522339,0.6692308233334467
116,116,0.006860654030998166,1.0,1.053756988965548,0.6717949234522306
117,117,0.006797763635404408,1.0,1.053352796114408,0.6717949234522306
118,118,0.006733144266315951,1.0,1.053104125536405,0.6717949234522306
119,119,0.0066704652540815566,1.0,1.0527293223601122,0.6717949234522306
120,120,0.006609094141122813,1.0,1.0522562769743113,0.6717949234522306
121,121,0.006550367688760161,1.0,1.0518672557977529,0.6717949234522306
122,122,0.006493724219930859,1.0,1.051516280724452,0.6692308187484741
123,123,0.006436889221032078,1.0,1.0511390245877779,0.6692308187484741
124,124,0.006382127032758525,1.0,1.0507221680421095,0.671794918867258
125,125,0.006327571893612353,1.0,1.050424195252932,0.671794918867258
126,126,0.006276311325983932,1.0,1.0499864679116468,0.671794918867258
127,127,0.006222425843589008,1.0,1.0496021646719713,0.671794918867258
128,128,0.006168881816288026,1.0,1.0492764161183283,0.671794918867258
129,129,0.006116181495599449,1.0,1.0490603126012361,0.671794918867258
130,130,0.0060675703974154135,1.0,1.04872727394104,0.6743590189860418
131,131,0.006019627308258071,1.0,1.0484285308764532,0.6743590189860418
132,132,0.005972354422108485,1.0,1.0480735026873076,0.6743590189860418
133,133,0.005925045142738292,1.0,1.0477361403978789,0.6743590189860418
134,134,0.005880105909175024,1.0,1.0474426792218134,0.6743590189860418
135,135,0.005831910171904243,1.0,1.0471055140862098,0.6743590189860418
136,136,0.005786524996018181,1.0,1.0467441357099092,0.6743590189860418
137,137,0.0057425146671728445,1.0,1.0463663202065687,0.6743590189860418
138,138,0.005695855110668792,1.0,1.0460939499048085,0.6743590189860418
139,139,0.005650433756482716,1.0,1.0457477523730352,0.6743590189860418
140,140,0.0056073605709780865,1.0,1.0454063828174884,0.6743590189860418
141,141,0.005563958709199841,1.0,1.0450869340163012,0.6743590189860418
142,142,0.0055220893297631005,1.0,1.0447121216700628,0.6743590189860418
143,143,0.005482215725351125,1.0,1.0444096418527455,0.6743590189860418
144,144,0.0054422089373334665,1.0,1.0441286105376024,0.6743590189860418
145,145,0.005402746028266847,1.0,1.0438282398077159,0.6743590189860418
146,146,0.005365131906448648,1.0,1.0435134447537935,0.6743590189860418
147,147,0.005328009343849352,1.0,1.043217434332921,0.6743590189860418
148,148,0.005289803769511099,1.0,1.0428653680361235,0.6743590189860418
149,149,0.005253789462865545,1.0,1.0425558319458594,0.6743590189860418
150,150,0.0052164879564840635,1.0,1.042203651024745,0.6743590189860418
151,151,0.005180568282062618,1.0,1.0418630975943346,0.6743590189860418
152,152,0.005144321494019375,1.0,1.0416520696419935,0.6743590189860418
153,153,0.0051091133007923,1.0,1.0413642388123732,0.6743590189860418
154,154,0.005071965296967671,1.0,1.041118438427265,0.6743590189860418
155,155,0.005038887490697492,1.0,1.040870331800901,0.6743590189860418
156,156,0.005006147575421402,1.0,1.0405797178928669,0.6743590189860418
157,157,0.004973358438851742,1.0,1.0402856652553265,0.6743590189860418
158,158,0.004941212613350497,1.0,1.039980792082273,0.6743590189860418
159,159,0.0049086443972415645,1.0,1.0396688213715186,0.6743590189860418
160,160,0.0048772688381947,1.0,1.0394005225254939,0.6743590189860418
161,161,0.004845437284809752,1.0,1.039098689189324,0.6743590189860418
162,162,0.004814932131781601,1.0,1.0388336502588713,0.6743590189860418
163,163,0.0047837885616060635,1.0,1.038487209723546,0.6743590189860418
164,164,0.004752966096230711,1.0,1.038252789240617,0.6769231236897982
165,165,0.004721254526744955,1.0,1.0379206446500926,0.6769231236897982
166,166,0.004690597232323713,1.0,1.0376560642169073,0.6769231236897982
167,167,0.004661064751696988,1.0,1.0373590313471281,0.6769231236897982
168,168,0.004632225354166271,1.0,1.0370410222273607,0.6769231236897982
169,169,0.004604273927935327,1.0,1.0367374695264375,0.6769231236897982
170,170,0.004575461525326738,1.0,1.0364577220036433,0.6794872329785273
171,171,0.004546008278759053,1.0,1.036200294127831,0.6820513376822839
172,172,0.004517596420975259,1.0,1.0359333386788,0.6820513376822839
173,173,0.004491634465431651,1.0,1.03566280236611,0.6846154378010676
174,174,0.00446552478779967,1.0,1.0353275766739478,0.6871795425048242
175,175,0.0044385555576389795,1.0,1.0350360732812147,0.6871795425048242
176,176,0.004412002216738004,1.0,1.034753666474269,0.6871795425048242
177,177,0.004386100232995187,1.0,1.0344898884113019,0.6871795425048242
178,178,0.004359655024018139,1.0,1.034211319226485,0.6871795425048242
179,179,0.00433395012246015,1.0,1.0339241990676293,0.6871795425048242
180,180,0.004309205374178978,1.0,1.033673034264491,0.6871795425048242
181,181,0.004284014965658291,1.0,1.0334125665517955,0.6871795425048242
182,182,0.00425968651409046,1.0,1.0331438183784485,0.6871795425048242
183,183,0.004234226984688296,1.0,1.0328966012367835,0.6871795425048242
184,184,0.004209262641290059,1.0,1.0326309020702655,0.6871795425048242
185,185,0.004185446820114381,1.0,1.0323880131428058,0.6871795425048242
186,186,0.004162243253981264,1.0,1.0321575494912953,0.6871795425048242
187,187,0.004139073108000537,1.0,1.03189793916849,0.6871795425048242
188,188,0.00411563989921258,1.0,1.031659552684197,0.6871795425048242
189,189,0.004092260496690869,1.0,1.0314203546597407,0.6871795425048242
190,190,0.004069437013150981,1.0,1.0312118897071252,0.6871795425048242
191,191,0.004046506830491126,1.0,1.0309783082741957,0.6871795425048242
192,192,0.004024436101854707,1.0,1.030722017471607,0.6871795425048242
193,193,0.004002857030942463,1.0,1.0304962580020611,0.6871795425048242
194,194,0.003979917078350599,1.0,1.0302067903371959,0.6871795425048242
195,195,0.0039576966082677245,1.0,1.0299901091135466,0.6871795425048242
196,196,0.003936054923822387,1.0,1.0297383986986601,0.6871795425048242
197,197,0.003914374079053791,1.0,1.0294878207720244,0.6871795425048242
198,198,0.0038938441877969755,1.0,1.0292703371781569,0.6871795425048242
199,199,0.0038726104271168318,1.0,1.0290261277785668,0.6871795425048242
200,200,0.0038522620676443554,1.0,1.0287884794748747,0.6871795425048242
201,201,0.0038321764709857795,1.0,1.0285523992318373,0.6871795425048242
202,202,0.003811282746028155,1.0,1.0283538148953364,0.6871795425048242
203,203,0.0037921239183141063,1.0,1.028118793780987,0.6871795425048242
204,204,0.003772201970255432,1.0,1.02788317662019,0.6871795425048242
205,205,0.0037530647420610944,1.0,1.0276604844973638,0.6871795425048242
206,206,0.0037332089537253175,1.0,1.027439731817979,0.6871795425048242
207,207,0.0037140642436077963,1.0,1.0272326194323027,0.6871795425048242
208,208,0.0036952636034514466,1.0,1.0270609901501582,0.6871795425048242
209,209,0.0036764279178057154,1.0,1.0268621398852422,0.6871795425048242
210,210,0.0036574924015440047,1.0,1.0266648393410902,0.6871795425048242
211,211,0.0036389123908100794,1.0,1.0264517664909363,0.6871795425048242
212,212,0.003621066262264951,1.0,1.0262504678506117,0.6897436472085806
213,213,0.0036034832950323247,1.0,1.0260335940581102,0.6897436472085806
214,214,0.003585301760512476,1.0,1.0258017824246333,0.6897436472085806
215,215,0.003567171941260592,1.0,1.0255816716414232,0.6897436472085806
216,216,0.003549356116519238,1.0,1.0253663108899043,0.6897436472085806
217,217,0.0035321073955856264,1.0,1.0251609132840083,0.6897436472085806
218,218,0.003515417020445546,1.0,1.0249642454660857,0.6897436472085806
219,219,0.003498241372513943,1.0,1.0247747026957,0.6897436472085806
220,220,0.003481088873321334,1.0,1.0245825006411626,0.6897436472085806
221,221,0.0034646673504119883,1.0,1.0243826095874493,0.6897436472085806
222,222,0.0034484234862387753,1.0,1.024170953493852,0.6897436472085806
223,223,0.003432044351939112,1.0,1.0239820296947773,0.6897436472085806
224,224,0.0034156749696614076,1.0,1.023802298765916,0.6897436472085806
225,225,0.003399729961529374,1.0,1.02363887658486,0.6897436472085806
226,226,0.00338365968155603,1.0,1.023505605184115,0.6897436472085806
227,227,0.003367800050630019,1.0,1.023329496383667,0.6897436472085806
228,228,0.00335195081648775,1.0,1.0231318107018104,0.6897436472085806
229,229,0.0033368339421800696,1.0,1.0229444549633906,0.6897436472085806
230,230,0.003321246817134894,1.0,1.0227264899473925,0.6897436472085806
231,231,0.0033068876319493237,1.0,1.0225439163354726,0.6897436472085806
232,232,0.003292004833033738,1.0,1.0223392981749315,0.6897436472085806
233,233,0.0032773389427277902,1.0,1.022136009656466,0.6897436472085806
234,234,0.003262409201572434,1.0,1.0219375491142273,0.6897436472085806
235,235,0.0032473344740887675,1.0,1.0217402577400208,0.6897436472085806
236,236,0.0032327737202509665,1.0,1.021511706022116,0.6897436472085806
237,237,0.0032180055098321577,1.0,1.0213706676776593,0.6897436472085806
238,238,0.003203358792234212,1.0,1.021155325266031,0.6897436472085806
239,239,0.0031889541200003945,1.0,1.02094409098992,0.6897436472085806
240,240,0.0031744120150016476,1.0,1.0207601235463069,0.6897436472085806
241,241,0.0031600413942494644,1.0,1.020612161893111,0.6897436472085806
242,242,0.003145975526422262,1.0,1.0204281944494982,0.6897436472085806
243,243,0.0031320609582158234,1.0,1.0202614068984985,0.6897436472085806
244,244,0.0031184814646481895,1.0,1.020053478387686,0.6897436472085806
245,245,0.0031049589787681517,1.0,1.019856952703916,0.6897436472085806
246,246,0.0030916545029657963,1.0,1.0196952132078319,0.6897436472085806
247,247,0.0030781007998694596,1.0,1.0195066928863525,0.6897436472085806
248,248,0.0030648027224322925,1.0,1.0193483554399931,0.6897436472085806
249,249,0.00305156492574427,1.0,1.0191847681999207,0.6897436472085806
250,250,0.0030385689415897313,1.0,1.0189844782535846,0.6897436472085806
251,251,0.003025522469005619,1.0,1.018791253750141,0.6897436472085806
252,252,0.0030125514648926374,1.0,1.018642939054049,0.6897436472085806
253,253,0.0029998222509255777,1.0,1.0184351205825806,0.6897436472085806
254,254,0.0029870382859371603,1.0,1.018280579493596,0.6897436472085806
255,255,0.0029745678856180837,1.0,1.0180805600606477,0.6897436472085806
256,256,0.0029620301524678674,1.0,1.0178923881970918,0.6897436472085806
257,257,0.00294995446725247,1.0,1.0177621107835035,0.6897436472085806
258,258,0.0029378434947620216,1.0,1.0175753235816956,0.6871795425048242
259,259,0.002926259023997073,1.0,1.0173922914725084,0.6871795425048242
260,260,0.0029143912072938224,1.0,1.0172292911089384,0.6871795425048242
261,261,0.002902452753355297,1.0,1.017041944540464,0.6871795425048242
262,262,0.0028907574910240676,1.0,1.0168487475468562,0.6871795425048242
263,263,0.002879268171874663,1.0,1.0166858022029583,0.6871795425048242
264,264,0.0028678622687808597,1.0,1.0164905052918654,0.6871795425048242
265,265,0.002856196804294506,1.0,1.0163196141903217,0.6871795425048242
266,266,0.0028450075232495484,1.0,1.016124230164748,0.6871795425048242
267,267,0.0028335622046142817,1.0,1.0159506568541894,0.6871795425048242
268,268,0.0028225291394986785,1.0,1.0157793026704054,0.6871795425048242
269,269,0.002811661751296085,1.0,1.015610933303833,0.6871795425048242
270,270,0.002800644979848025,1.0,1.0154452323913574,0.6871795425048242
271,271,0.002789618169817214,1.0,1.0153003334999084,0.6871795425048242
272,272,0.0027787261194764422,1.0,1.0151259624041045,0.6871795425048242
273,273,0.002768061513331934,1.0,1.0149676157877996,0.6871795425048242
274,274,0.00275742506626277,1.0,1.01480927834144,0.6871795425048242
275,275,0.0027470387330350396,1.0,1.014616847038269,0.6871795425048242
276,276,0.0027365004643797874,1.0,1.0144367263867304,0.6871795425048242
277,277,0.0027261362500632037,1.0,1.014279727752392,0.6871795425048242
278,278,0.002716014188571045,1.0,1.0141035960270808,0.6871795425048242
279,279,0.0027058146437271857,1.0,1.0139249425667982,0.6871795425048242
280,280,0.0026957158563443674,1.0,1.0137321719756494,0.6871795425048242
281,281,0.002685698783562447,1.0,1.0135741096276503,0.6871795425048242
282,282,0.002675884506271149,1.0,1.0133984639094427,0.6871795425048242
283,283,0.002665534642381737,1.0,1.0132403511267443,0.6871795425048242
284,284,0.002655548956961586,1.0,1.0130961445661693,0.6871795425048242
285,285,0.0026457128562749578,1.0,1.0129527541307302,0.6871795425048242
286,286,0.0026362936119907177,1.0,1.0127838437373822,0.6871795425048242
287,287,0.002626777975820005,1.0,1.0126237777563243,0.6871795425048242
288,288,0.002617038034189206,1.0,1.0124555917886586,0.6871795425048242
289,289,0.002607339554323027,1.0,1.0122898725362925,0.6871795425048242
290,290,0.002597990696533368,1.0,1.0121660370093126,0.6871795425048242
291,291,0.0025881645986093925,1.0,1.0120054070766156,0.6871795425048242
292,292,0.0025786716455163863,1.0,1.0118653636712294,0.6871795425048242
293,293,0.002569303619496238,1.0,1.0117223537885225,0.6871795425048242
294,294,0.0025598207228960325,1.0,1.0115629847233112,0.6871795425048242
295,295,0.002550484993172666,1.0,1.0114389107777522,0.6871795425048242
296,296,0.0025414533044498125,1.0,1.0112826044742877,0.6871795425048242
297,297,0.0025323965416576425,1.0,1.011133345273825,0.6871795425048242
298,298,0.002523272360961598,1.0,1.0110072631102343,0.6871795425048242
299,299,0.0025142304142578864,1.0,1.0108466240075917,0.6871795425048242
300,300,0.0025052656061374224,1.0,1.0107192718065703,0.6871795425048242
301,301,0.002496426437014284,1.0,1.0105860829353333,0.6871795425048242
302,302,0.002487656418592311,1.0,1.0104680611537054,0.6871795425048242
303,303,0.002479181504056144,1.0,1.0103134833849394,0.6871795425048242
304,304,0.002470463478507904,1.0,1.0101919265893788,0.6871795425048242
305,305,0.0024618169812199017,1.0,1.0100922584533691,0.6871795425048242
306,306,0.0024533448113988224,1.0,1.0099419080294096,0.6871795425048242
307,307,0.0024447824062707904,1.0,1.0098126393098097,0.6871795425048242
308,308,0.0024364707910885606,1.0,1.0096604778216436,0.6871795425048242
309,309,0.002428015483579097,1.0,1.0095208149689894,0.6871795425048242
310,310,0.002419648038295026,1.0,1.0093647562540495,0.6871795425048242
311,311,0.002411322999530687,1.0,1.0092404393049388,0.6871795425048242
312,312,0.0024029632981042736,1.0,1.0090934129861684,0.6871795425048242
313,313,0.002394981198729231,1.0,1.008965831536513,0.6871795425048242
314,314,0.0023869233510385337,1.0,1.008829951286316,0.6871795425048242
315,315,0.002378700621193275,1.0,1.0086764922508826,0.6871795425048242
316,316,0.0023708662080865065,1.0,1.0085357335897593,0.6871795425048242
317,317,0.002362938165718403,1.0,1.0083823387439435,0.6871795425048242
318,318,0.0023550178560141763,1.0,1.0082469949355493,0.6871795425048242
319,319,0.002347061332189836,1.0,1.0080819634290843,0.6871795425048242
320,320,0.0023394874520958043,1.0,1.0079424472955556,0.6871795425048242
321,321,0.0023317178778457814,1.0,1.007800620335799,0.6871795425048242
322,322,0.0023239928257400887,1.0,1.0076734056839576,0.6871795425048242
323,323,0.002316567858752723,1.0,1.007529643865732,0.6871795425048242
324,324,0.0023090920943874293,1.0,1.007416110772353,0.6871795425048242
325,325,0.0023016190904085166,1.0,1.007296933577611,0.6871795425048242
326,326,0.002294305134385538,1.0,1.0071492561927209,0.6871795425048242
327,327,0.0022869675191871533,1.0,1.0070280937048106,0.6871795425048242
328,328,0.0022797867624411504,1.0,1.0068819935505207,0.6871795425048242
329,329,0.0022722648640270703,1.0,1.0067399648519664,0.6871795425048242
330,330,0.002265065247998931,1.0,1.0066128098047697,0.6871795425048242
331,331,0.002257967528958733,1.0,1.0064720052939196,0.6871795425048242
332,332,0.0022508933616336435,1.0,1.0063221913117628,0.6871795425048242
333,333,0.0022438406214440386,1.0,1.0061788513110235,0.6871795425048242
334,334,0.002236720517080707,1.0,1.006041673513559,0.6871795425048242
335,335,0.0022297824235955398,1.0,1.0058874717125525,0.6871795425048242
336,336,0.0022229996505372515,1.0,1.005751330118913,0.6871795425048242
337,337,0.002216247774553127,1.0,1.0056100258460412,0.6871795425048242
338,338,0.0022094462138529006,1.0,1.0054692809398358,0.6871795425048242
339,339,0.0022028937349275043,1.0,1.0053406678713286,0.6871795425048242
340,340,0.002196020209409583,1.0,1.005201248022226,0.6871795425048242
341,341,0.002189363711155378,1.0,1.005066990852356,0.6871795425048242
342,342,0.002182877463593076,1.0,1.0049329308363109,0.6871795425048242
343,343,0.002176256707081428,1.0,1.0048076189481294,0.6871795425048242
344,344,0.0021696167778617772,1.0,1.0046783089637756,0.6871795425048242
345,345,0.0021630155634529027,1.0,1.004551690358382,0.6871795425048242
346,346,0.002156505945514744,1.0,1.0044255073253925,0.6871795425048242
347,347,0.0021498703863471746,1.0,1.0042863258948693,0.6871795425048242
348,348,0.002143424608780501,1.0,1.0041530957588782,0.6871795425048242
349,349,0.0021370230309772664,1.0,1.004025385929988,0.6871795425048242
350,350,0.0021306658969618953,1.0,1.0039049295278697,0.6871795425048242
351,351,0.002124310822602218,1.0,1.00377579835745,0.6871795425048242
352,352,0.0021180380404425356,1.0,1.0036154481080861,0.6871795425048242
353,353,0.0021118175354786217,1.0,1.0034987926483154,0.6871795425048242
354,354,0.0021055456018075347,1.0,1.0033793678650489,0.6871795425048242
355,355,0.002099319717112499,1.0,1.0032617816558251,0.6871795425048242
356,356,0.002093226064551765,1.0,1.0031613111495972,0.6871795425048242
357,357,0.0020870393245086935,1.0,1.0030546234204218,0.6871795425048242
358,358,0.0020810181942159454,1.0,1.0029435341174786,0.6871795425048242
359,359,0.002074719090999749,1.0,1.002831674539126,0.6871795425048242
360,360,0.0020687639928207947,1.0,1.0027287327326262,0.6897436426236079
361,361,0.0020627478213730054,1.0,1.002620857495528,0.6871795425048242
362,362,0.0020567548300067964,1.0,1.0024878749480615,0.6897436426236079
363,363,0.0020508270043557365,1.0,1.0023934428508465,0.6897436426236079
364,364,0.0020449050890210155,1.0,1.0022647655927217,0.6897436426236079
365,365,0.0020389617980422024,1.0,1.0021552718602693,0.6897436426236079
366,366,0.0020332175257723206,1.0,1.002051477248852,0.6897436426236079
367,367,0.0020275714207225693,1.0,1.0019089992229755,0.6897436426236079
368,368,0.0020218072660589735,1.0,1.0018081756738515,0.6897436426236079
369,369,0.002016186947003007,1.0,1.0016962243960454,0.6897436426236079
370,370,0.002010465595118988,1.0,1.0015920813267047,0.6897436426236079
371,371,0.0020049571758136153,1.0,1.0014695800267732,0.6897436426236079
372,372,0.001999319634006287,1.0,1.0013524752396803,0.6897436426236079
373,373,0.0019937025857731127,1.0,1.0012181447102473,0.6897436426236079
374,374,0.001988263267916269,1.0,1.0011092561941881,0.6897436426236079
375,375,0.0019826925373098883,1.0,1.000989978130047,0.6897436426236079
376,376,0.0019773627326895413,1.0,1.0008612871170044,0.6897436426236079
377,377,0.0019718144277039054,1.0,1.000748253785647,0.6897436426236079
378,378,0.0019663684719349616,1.0,1.0006409654250512,0.6897436426236079
379,379,0.001960933385327315,1.0,1.0005230628527129,0.6923077473273644
380,380,0.001955686282599345,1.0,1.0004177139355586,0.6923077473273644
381,381,0.0019502819162041235,1.0,1.0003185868263245,0.6923077473273644
382,382,0.0019450610875187872,1.0,1.0001985843365009,0.6923077473273644
383,383,0.0019398600695869671,1.0,1.0000986135922945,0.6923077473273644
384,384,0.0019346797511948703,1.0,1.0000030627617469,0.6923077473273644
385,385,0.0019295186278983378,1.0,0.9999091029167175,0.6923077473273644
386,386,0.0019244241926711625,1.0,0.9998303560110239,0.6923077473273644
387,387,0.0019192458287132187,1.0,0.9997307841594403,0.6923077473273644
388,388,0.0019141745489413063,1.0,0.999638204391186,0.6923077473273644
389,389,0.0019090350677008526,1.0,0.9995240890062772,0.6923077473273644
390,390,0.0019039984796948445,1.0,0.9994295789645269,0.6923077473273644
391,391,0.0018990206030698924,1.0,0.9993116901471064,0.6923077473273644
392,392,0.001894022432120087,1.0,0.9992215633392334,0.6923077473273644
393,393,0.0018890009400470613,1.0,0.9991271404119638,0.6923077473273644
394,394,0.0018840813763045634,1.0,0.9990192193251389,0.6923077473273644
395,395,0.0018791635878957235,1.0,0.9989287394743699,0.6923077473273644
396,396,0.0018741702146004313,1.0,0.998828975053934,0.6923077473273644
397,397,0.001869337431764087,1.0,0.9987326401930589,0.6923077473273644
398,398,0.0018644659811308463,1.0,0.9986480153523959,0.6923077473273644
399,399,0.0018596787995193154,1.0,0.9985446058786832,0.6923077473273644
400,400,0.0018549433712346049,1.0,0.9984577206464914,0.6923077473273644
401,401,0.0018501216523313464,1.0,0.9983774010951703,0.6923077473273644
402,402,0.0018453384489895632,1.0,0.9982813550875738,0.6923077473273644
403,403,0.001840629843242753,1.0,0.9981940526228684,0.6923077473273644
404,404,0.001836044633259567,1.0,0.9980865716934204,0.6897436426236079
405,405,0.0018312944717203768,1.0,0.9980062750669626,0.6897436426236079
406,406,0.0018266074140018856,1.0,0.9979140208317683,0.6897436426236079
407,407,0.0018219717626030056,1.0,0.9978266312525823,0.6897436426236079
408,408,0.0018173622128625328,1.0,0.9977316397887009,0.6897436426236079
409,409,0.0018127729977445246,1.0,0.9976521867972153,0.6897436426236079
410,410,0.0018082149483514233,1.0,0.997545233139625,0.6897436426236079
411,411,0.0018037625906380038,1.0,0.9974620433954092,0.6897436426236079
412,412,0.0017992809567099006,1.0,0.9973822648708637,0.6897436426236079
413,413,0.0017949029973421532,1.0,0.9972868928542504,0.6897436426236079
414,414,0.0017904136889578344,1.0,0.9971914749879104,0.6897436426236079
415,415,0.0017860119226567734,1.0,0.9971082027141864,0.6897436426236079
416,416,0.0017815894344284271,1.0,0.9970194193033072,0.6897436426236079
417,417,0.0017771959694353147,1.0,0.9969218602547278,0.6897436426236079
418,418,0.0017728294836930358,1.0,0.9968421367498544,0.6897436426236079
419,419,0.0017685651882157589,1.0,0.9967583463742182,0.6897436426236079
420,420,0.0017642788275574835,1.0,0.9966620069283706,0.6897436426236079
421,421,0.0017599885378820966,1.0,0.9965861348005441,0.6897436426236079
422,422,0.0017558020145560687,1.0,0.9964906114798325,0.6897436426236079
423,423,0.0017515993766629924,1.0,0.9963900813689599,0.6897436426236079
424,424,0.001747474434803455,1.0,0.9962955850821275,0.6897436426236079
425,425,0.0017433592337720955,1.0,0.9962127575507531,0.6897436426236079
426,426,0.0017391552660578431,1.0,0.9961436665975131,0.6897436426236079
427,427,0.001735037651647312,1.0,0.9960558918806223,0.6897436426236079
428,428,0.0017309092665807558,1.0,0.9959684106019827,0.6897436426236079
429,429,0.0017268303871298065,1.0,0.9958732403241671,0.6897436426236079
430,430,0.0017227293081724872,1.0,0.9957896150075473,0.6897436426236079
431,431,0.001718651613023562,1.0,0.995701381793389,0.6897436426236079
432,432,0.0017146515959981256,1.0,0.9956144965611972,0.6897436426236079
433,433,0.0017106249489678214,1.0,0.9955377716284531,0.6897436426236079
434,434,0.0017066267274248486,1.0,0.9954658930118268,0.6897436426236079
435,435,0.0017026286222971976,1.0,0.995384197968703,0.6897436426236079
436,436,0.0016986721647509302,1.0,0.9952814120512742,0.6897436426236079
437,437,0.0016947523332559145,1.0,0.995217868914971,0.6897436426236079
438,438,0.0016908735695044296,1.0,0.9951227628267728,0.6897436426236079
439,439,0.0016869654825243813,1.0,0.9950633920156039,0.6897436426236079
440,440,0.0016831321028383593,1.0,0.9949737374599164,0.6897436426236079
441,441,0.0016792220950055008,1.0,0.9948905293758099,0.6897436426236079
442,442,0.0016754015254823922,1.0,0.9948205443528982,0.6897436426236079
443,443,0.0016715590139098752,1.0,0.9947371803797208,0.6897436426236079
444,444,0.0016676769524705238,1.0,0.9946530553010794,0.6897436426236079
445,445,0.0016638666185407112,1.0,0.994569365794842,0.6897436426236079
446,446,0.0016601040036990666,1.0,0.994483810204726,0.6897436426236079
447,447,0.001656305671741183,1.0,0.9944117527741653,0.6897436426236079
448,448,0.001652535176477753,1.0,0.9943170043138357,0.6897436426236079
449,449,0.0016487940380242295,1.0,0.9942525854477515,0.6897436426236079
450,450,0.0016450622374227701,1.0,0.9941717477945181,0.6897436426236079
451,451,0.0016413663666193874,1.0,0.9940968568508441,0.6897436426236079
452,452,0.0016377263953192877,1.0,0.9940312596467825,0.6897436426236079
453,453,0.0016340346012909252,1.0,0.9939454793930054,0.6897436426236079
454,454,0.0016304230487618882,1.0,0.9938789560244634,0.6897436426236079
455,455,0.0016267984084641705,1.0,0.9938022127518287,0.6897436426236079
456,456,0.0016231686727573664,1.0,0.99371920640652,0.6897436426236079
457,457,0.0016196011408912735,1.0,0.9936503767967224,0.6897436426236079
458,458,0.0016159731939506645,1.0,0.9935783193661616,0.6897436426236079
459,459,0.001612436695722863,1.0,0.9934908335025494,0.6897436426236079
460,460,0.0016088940610643476,1.0,0.9934286062534039,0.6897436426236079
461,461,0.0016053278187218194,1.0,0.9933513219539936,0.6871795425048242
462,462,0.0016018326949471464,1.0,0.9932741431089548,0.6871795425048242
463,463,0.0015983549125779134,1.0,0.9932104715934167,0.6871795425048242
464,464,0.0015948534396906884,1.0,0.9931304179705106,0.6871795425048242
465,465,0.0015913717394981247,1.0,0.9930648987109845,0.6871795425048242
466,466,0.0015879501006565988,1.0,0.9929967843569242,0.6871795425048242
467,467,0.0015844981266687124,1.0,0.9929338418520414,0.6871795425048242
468,468,0.0015810906927352054,1.0,0.9928623804679284,0.6871795425048242
469,469,0.001577693852595985,1.0,0.9927884982182429,0.6871795425048242
470,470,0.001574307442821849,1.0,0.9927153220543494,0.6871795425048242
471,471,0.0015709159152510648,1.0,0.9926467079382676,0.6871795425048242
472,472,0.001567550086362574,1.0,0.9925745542232807,0.6871795425048242
473,473,0.0015641838433041882,1.0,0.9925088699047382,0.6871795425048242
474,474,0.0015608507942838164,1.0,0.9924280093266413,0.6871795425048242
475,475,0.0015575332956639333,1.0,0.9923635033460764,0.6871795425048242
476,476,0.0015542323056321878,1.0,0.9922873790447528,0.6871795425048242
477,477,0.0015510020311921835,1.0,0.992224931716919,0.6871795425048242
478,478,0.0015477091141152554,1.0,0.992152580848107,0.6871795425048242
479,479,0.0015444364085292013,1.0,0.992071087543781,0.6871795425048242
480,480,0.001541169208044616,1.0,0.9920075444074777,0.6871795425048242
481,481,0.0015379444409448367,1.0,0.9919410302088811,0.6871795425048242
482,482,0.0015346973332970475,1.0,0.9918581018081079,0.6871795425048242
483,483,0.0015315140570657183,1.0,0.9917873465097867,0.6871795425048242
484,484,0.0015282946271606935,1.0,0.9917210202950698,0.6871795425048242
485,485,0.001525118414205141,1.0,0.9916612139114966,0.6871795425048242
486,486,0.001521935554382463,1.0,0.9915830401273874,0.6871795425048242
487,487,0.0015188309323723214,1.0,0.9915057604129498,0.6871795425048242
488,488,0.0015156463822887207,1.0,0.9914367198944092,0.6871795425048242
489,489,0.0015126039238216786,1.0,0.9913727274307838,0.6871795425048242
490,490,0.0015094016383115489,1.0,0.9912922519903916,0.6871795425048242
491,491,0.0015062986573096938,1.0,0.9912160405745873,0.6871795425048242
492,492,0.0015031879234951562,1.0,0.9911465232188885,0.6871795425048242
493,493,0.0015001474530436099,1.0,0.9910841859303988,0.6871795425048242
494,494,0.0014970593396216058,1.0,0.991016488808852,0.6871795425048242
495,495,0.0014940344486743785,1.0,0.9909373017457815,0.6871795425048242
496,496,0.00149101501581474,1.0,0.9908705124488244,0.6871795425048242
497,497,0.0014880039021730996,1.0,0.9908012610215408,0.6871795425048242
498,498,0.0014850268713556803,1.0,0.9907365487172053,0.6871795425048242
499,499,0.0014820357945819313,1.0,0.9906649451989394,0.6871795425048242
500,500,0.0014790881250519305,1.0,0.9905883486454303,0.6871795425048242
501,501,0.001476127166265192,1.0,0.9905277811563932,0.6871795425048242
502,502,0.0014732324791391594,1.0,0.990452229976654,0.6871795425048242
503,503,0.001470250908124189,1.0,0.9903918825663053,0.6871795425048242
504,504,0.0014673000707541807,1.0,0.9903138738412124,0.6871795425048242
505,505,0.0014644173318699289,1.0,0.9902556217633761,0.6871795425048242
506,506,0.0014615027310075955,1.0,0.9901925829740671,0.6871795425048242
507,507,0.001458607381209731,1.0,0.990126357628749,0.6871795425048242
508,508,0.0014557397942273663,1.0,0.9900607512547419,0.6871795425048242
509,509,0.0014528703222122903,1.0,0.9899936226698068,0.6871795425048242
510,510,0.00145002439743481,1.0,0.9899270442815927,0.6871795425048242
511,511,0.0014471797465096014,1.0,0.9898757017575778,0.6871795425048242
512,512,0.0014443436386780096,1.0,0.989807550723736,0.6871795425048242
513,513,0.0014415127158057517,1.0,0.9897449016571045,0.6871795425048242
514,514,0.0014387312828778075,1.0,0.9896820646065932,0.6871795425048242
515,515,0.0014359007943242502,1.0,0.9896122492276705,0.6871795425048242
516,516,0.001433098668572851,1.0,0.9895409529025738,0.6871795425048242
517,517,0.0014303438275909196,1.0,0.9894836499140813,0.6871795425048242
518,518,0.0014275773920906852,1.0,0.9894178647261399,0.6871795425048242
519,519,0.0014248401096735436,1.0,0.9893492689499488,0.6871795425048242
520,520,0.0014221005907389694,1.0,0.9892854277904217,0.6871795425048242
521,521,0.0014193998739266624,1.0,0.9892175060052139,0.6871795425048242
522,522,0.001416691995333307,1.0,0.9891520005006057,0.6871795425048242
523,523,0.0014140265971386375,1.0,0.9890902821834271,0.6871795425048242
524,524,0.001411318100648574,1.0,0.989017284833468,0.6871795425048242
525,525,0.0014086066109414857,1.0,0.9889581341009873,0.6871795425048242
526,526,0.0014059612742410256,1.0,0.9888894099455613,0.6871795425048242
527,527,0.0014033028497718847,1.0,0.9888222905305716,0.6871795425048242
528,528,0.0014006616682029115,1.0,0.9887518745202285,0.6871795425048242
529,529,0.0013979884679429233,1.0,0.988702090886923,0.6871795425048242
530,530,0.0013953570294408845,1.0,0.9886256135427035,0.6871795425048242
531,531,0.0013927688683347346,1.0,0.9885719280976516,0.6871795425048242
532,532,0.0013901537593203383,1.0,0.9884926539201003,0.6871795425048242
533,533,0.0013875747883083443,1.0,0.9884383907684913,0.6871795425048242
534,534,0.0013849883465669476,1.0,0.9883708495360154,0.6871795425048242
535,535,0.001382411605356118,1.0,0.9882969718713027,0.6871795425048242
536,536,0.0013798835705249356,1.0,0.9882412965481098,0.6871795425048242
537,537,0.001377313762742023,1.0,0.9881881200350248,0.6871795425048242
538,538,0.001374743843021301,1.0,0.9881219863891602,0.6871795425048242
539,539,0.0013722363331068594,1.0,0.9880592639629657,0.6897436472085806
540,540,0.0013696856890769245,1.0,0.9879928047840412,0.6897436472085806
541,541,0.0013671758060809225,1.0,0.98793586400839,0.6897436472085806
542,542,0.0013646911628221949,1.0,0.987871908224546,0.6897436472085806
543,543,0.0013621932526942915,1.0,0.9878125190734863,0.6897436472085806
544,544,0.0013597265754539806,1.0,0.9877515802016625,0.6897436472085806
545,545,0.0013572304003621237,1.0,0.9876868037077097,0.6897436472085806
546,546,0.001354797608935489,1.0,0.987624127131242,0.6897436472085806
547,547,0.0013522946929487472,1.0,0.9875637201162485,0.6897436472085806
548,548,0.001349858684429469,1.0,0.987497994532952,0.6897436472085806
549,549,0.001347412075399636,1.0,0.9874385411922748,0.6897436472085806
550,550,0.001344959410534312,1.0,0.9873815545668969,0.6897436472085806
551,551,0.0013425623630889906,1.0,0.9873305559158325,0.6897436472085806
552,552,0.0013401254187696255,1.0,0.9872637895437387,0.6897436472085806
553,553,0.0013376993749541445,1.0,0.9872024196844834,0.6897436472085806
554,554,0.0013353064983116032,1.0,0.9871453367746793,0.6897436472085806
555,555,0.0013329349234342002,1.0,0.9870841686542218,0.6897436472085806
556,556,0.0013305706513794856,1.0,0.9870153207045335,0.6897436472085806
557,557,0.0013281883125623257,1.0,0.986962460554563,0.6897436472085806
558,558,0.0013258531532930927,1.0,0.9868996235040518,0.6897436472085806
559,559,0.0013235023182530242,1.0,0.9868385516680204,0.6897436472085806
560,560,0.0013211724334933723,1.0,0.9867786581699665,0.6897436472085806
561,561,0.0013188340190726405,1.0,0.9867066236642691,0.6897436472085806
562,562,0.0013164993254646945,1.0,0.986653364621676,0.6897436472085806
563,563,0.0013142174799353457,1.0,0.9865932510449336,0.6897436472085806
564,564,0.001311913978917381,1.0,0.9865350356468787,0.6897436472085806
565,565,0.0013096237290972988,1.0,0.9864751513187702,0.6897436472085806
566,566,0.0013073498311524207,1.0,0.9864121262843792,0.6897436472085806
567,567,0.0013050455555248146,1.0,0.9863489957956167,0.6897436472085806
568,568,0.001302774823181188,1.0,0.9862944804705106,0.6897436472085806
569,569,0.0013005160144530237,1.0,0.9862335874484136,0.6897436472085806
570,570,0.0012982657197146462,1.0,0.9861599527872525,0.6897436472085806
571,571,0.0012960604418857167,1.0,0.9861045754872836,0.6897436472085806
572,572,0.0012938194760443787,1.0,0.9860501197668222,0.6897436472085806
573,573,0.0012916328873521148,1.0,0.9859955310821533,0.6897436472085806
574,574,0.0012894402652119214,1.0,0.9859230518341064,0.6897436472085806
575,575,0.0012872193429547434,1.0,0.9858766885904166,0.6897436472085806
576,576,0.0012850290065846192,1.0,0.9858144430013803,0.6897436472085806
577,577,0.0012828586421584566,1.0,0.9857631371571467,0.6897436472085806
578,578,0.0012806758548742016,1.0,0.9857039451599121,0.6897436472085806
579,579,0.001278532272688328,1.0,0.9856480039083041,0.6897436472085806
580,580,0.0012763415288645774,1.0,0.9855835804572473,0.6897436472085806
581,581,0.0012741851141282285,1.0,0.9855224581865164,0.6897436472085806
582,582,0.001272007628218629,1.0,0.9854655953554007,0.6897436472085806
583,583,0.0012698936491058422,1.0,0.9854033956160912,0.6897436472085806
584,584,0.001267771100034364,1.0,0.9853496093016404,0.6897436472085806
585,585,0.001265646171165057,1.0,0.9852839066432073,0.6897436472085806
586,586,0.0012635516916186763,1.0,0.9852249484795791,0.6897436472085806
587,587,0.0012614267023029523,1.0,0.9851771501394418,0.6897436472085806
588,588,0.0012593318287354822,1.0,0.9851234967891986,0.6897436472085806
589,589,0.0012572356343018608,1.0,0.9850656390190125,0.6897436472085806
590,590,0.0012551650467615288,1.0,0.9849997208668635,0.6897436472085806
591,591,0.0012530695418648135,1.0,0.9849558335084182,0.6897436472085806
592,592,0.0012510282126291154,1.0,0.9848871552027189,0.6897436472085806
593,593,0.0012489798716090333,1.0,0.9848291598833524,0.6897436472085806
594,594,0.001246903355842313,1.0,0.9847711278842046,0.6897436472085806
595,595,0.0012448807224595489,1.0,0.9847132563591003,0.6897436472085806
596,596,0.0012428528817298894,1.0,0.9846447476973901,0.6897436472085806
597,597,0.0012407892679150861,1.0,0.9845948952894944,0.6897436472085806
598,598,0.001238775067926886,1.0,0.9845476471460782,0.6897436472085806
599,599,0.001236759517968704,1.0,0.9844823204554044,0.6897436472085806
600,600,0.0012347668391437484,1.0,0.9844209414262038,0.6897436472085806
601,601,0.0012327586009632796,1.0,0.9843625380442693,0.6897436472085806
602,602,0.0012307738361414522,1.0,0.9843075229571416,0.6897436472085806
603,603,0.0012288091641564209,1.0,0.9842487986271198,0.6897436472085806
604,604,0.0012268046535050066,1.0,0.9841933433826153,0.6897436472085806
605,605,0.0012248323137800281,1.0,0.9841424410159771,0.6897436472085806
606,606,0.0012228463333135901,1.0,0.9840707641381484,0.6897436472085806
607,607,0.0012209019981897795,1.0,0.9840128146685087,0.6897436472085806
608,608,0.001218938071710559,1.0,0.9839580288300147,0.6897436472085806
609,609,0.0012170109660543788,1.0,0.9839014869469863,0.6897436472085806
610,610,0.0012150762553434246,1.0,0.9838544909770672,0.6897436472085806
611,611,0.001213128544175281,1.0,0.9837793845396775,0.6897436472085806
612,612,0.0012112109711429535,1.0,0.9837377484028156,0.6897436472085806
613,613,0.0012092883138953207,1.0,0.9836755624184241,0.6897436472085806
614,614,0.0012073765996879397,1.0,0.9836166501045227,0.6897436472085806
615,615,0.0012054697077613897,1.0,0.9835790395736694,0.6897436472085806
616,616,0.0012035560883724918,1.0,0.9835194761936481,0.6897436472085806
617,617,0.0012016921626547207,1.0,0.9834717695529644,0.6897436472085806
618,618,0.001199784715516636,1.0,0.9834165298021756,0.6897436472085806
619,619,0.0011979129899723025,1.0,0.983360047523792,0.6897436472085806
620,620,0.001196049948563226,1.0,0.983303047143496,0.6897436472085806
621,621,0.001194177978994468,1.0,0.9832516037500821,0.6897436472085806
622,622,0.001192295796219976,1.0,0.9831872261487521,0.6897436472085806
623,623,0.0011904575579907172,1.0,0.983129634306981,0.6897436472085806
624,624,0.0011886109132319689,1.0,0.9830820285356962,0.6897436472085806
625,625,0.0011867551746455808,1.0,0.9830204569376432,0.6897436472085806
626,626,0.0011849246310213436,1.0,0.9829696233455951,0.6897436472085806
627,627,0.0011831001857689654,1.0,0.9829051769696749,0.6897436472085806
628,628,0.0011812919871702504,1.0,0.9828617160136883,0.6897436472085806
629,629,0.0011794870728268647,1.0,0.9827994795945975,0.6897436472085806
630,630,0.0011776724489978873,1.0,0.9827477977826045,0.6897436472085806
631,631,0.0011758767068386078,1.0,0.9827019847356356,0.6897436472085806
632,632,0.0011740718439866144,1.0,0.9826490833209112,0.6897436472085806
633,633,0.0011722862120502843,1.0,0.982593412582691,0.6897436472085806
634,634,0.0011704782910573368,1.0,0.9825230515920199,0.6897436472085806
635,635,0.0011687033402267843,1.0,0.982485505250784,0.6923077473273644
636,636,0.0011669048958887847,1.0,0.9824274044770461,0.6923077473273644
637,637,0.0011651268936335468,1.0,0.9823702436227065,0.6923077473273644
638,638,0.0011633483406442862,1.0,0.9823245452000544,0.6923077473273644
639,639,0.0011616000936975558,1.0,0.9822679574672992,0.6923077473273644
640,640,0.0011598441230419737,1.0,0.9822211907460139,0.6923077473273644
641,641,0.0011581084511887569,1.0,0.9821616823856647,0.6923077473273644
642,642,0.0011563547797357808,1.0,0.9821068323575534,0.6923077473273644
643,643,0.0011546211518669645,1.0,0.9820546003488394,0.6923077473273644
644,644,0.001152900139389273,1.0,0.9820006306354816,0.6923077473273644
645,645,0.001151183004437301,1.0,0.981949352301084,0.6923077473273644
646,646,0.001149457778620462,1.0,0.9818977988683261,0.6923077473273644
647,647,0.0011477316931212465,1.0,0.9818418805415814,0.6923077473273644
648,648,0.001146032181657994,1.0,0.9817968148451585,0.6923077473273644
649,649,0.0011443402931595652,1.0,0.981744816670051,0.6923077473273644
650,650,0.0011426361855298567,1.0,0.9816863445135263,0.6923077473273644
651,651,0.0011409482506748575,1.0,0.9816348002507136,0.6923077473273644
652,652,0.0011392477407263448,1.0,0.9815752781354464,0.6923077473273644
653,653,0.0011375849202382737,1.0,0.9815315054013178,0.6923077473273644
654,654,0.001135924831032753,1.0,0.9814860545671903,0.6923077473273644
655,655,0.0011342307933283825,1.0,0.9814238319030175,0.6923077473273644
656,656,0.0011325550529783447,1.0,0.98137039404649,0.6923077473273644
657,657,0.00113088351701243,1.0,0.9813315776678232,0.6923077473273644
658,658,0.0011292546315906714,1.0,0.9812642290041997,0.6923077473273644
659,659,0.0011276081282770834,1.0,0.9812260361818167,0.6923077473273644
660,660,0.0011259588623383583,1.0,0.9811620437181913,0.6923077473273644
661,661,0.0011243327887943732,1.0,0.981115996837616,0.6923077473273644
662,662,0.0011227044361965875,1.0,0.9810645396892841,0.6923077473273644
663,663,0.001121064016702943,1.0,0.9810144901275635,0.6923077473273644
664,664,0.00111946154524608,1.0,0.9809526021663959,0.6923077473273644
665,665,0.0011178334803284647,1.0,0.9809143864191495,0.6923077473273644
666,666,0.0011162273910416004,1.0,0.9808631768593421,0.6923077473273644
667,667,0.0011146443497497016,1.0,0.9808087853284982,0.6923077473273644
668,668,0.0011130293994658412,1.0,0.9807508496137766,0.6923077473273644
669,669,0.0011114574265845406,1.0,0.9807107402728155,0.6923077473273644
670,670,0.0011098364506883977,1.0,0.9806636526034429,0.6923077473273644
671,671,0.0011082808061753614,1.0,0.9806142541078421,0.6923077473273644
672,672,0.0011067100355061344,1.0,0.9805625447860131,0.6923077473273644
673,673,0.0011051297254967862,1.0,0.9805150673939631,0.6923077473273644
674,674,0.0011035308841830837,1.0,0.980462019260113,0.6923077473273644
675,675,0.0011019857461528422,1.0,0.9804145235281724,0.6923077473273644
676,676,0.0011004277128869523,1.0,0.9803645198161786,0.6923077473273644
677,677,0.001098861734275348,1.0,0.9803115633817819,0.6923077473273644
678,678,0.001097314229879815,1.0,0.9802550490085895,0.6923077473273644
679,679,0.001095759395796519,1.0,0.9802102538255545,0.6923077473273644
680,680,0.0010942122048268525,1.0,0.98015774671848,0.6923077473273644
681,681,0.0010926721039980364,1.0,0.9801078255359943,0.6923077473273644
682,682,0.0010911260234514396,1.0,0.980059279845311,0.6923077473273644
683,683,0.00108957187890505,1.0,0.980009335737962,0.6923077473273644
684,684,0.0010880554943399217,1.0,0.979957640171051,0.6923077473273644
685,685,0.001086525454481419,1.0,0.9799135098090539,0.6923077473273644
686,686,0.0010850246371074508,1.0,0.9798639416694641,0.6923077473273644
687,687,0.0010835122196182895,1.0,0.979820558658013,0.6923077473273644
688,688,0.001081993532492421,1.0,0.9797687668066758,0.6923077473273644
689,689,0.001080489411833696,1.0,0.979725929406973,0.6923077473273644
690,690,0.0010789860030994392,1.0,0.979680937070113,0.6923077473273644
691,691,0.0010774920486325684,1.0,0.9796252984267014,0.6923077473273644
692,692,0.001075992967414025,1.0,0.979578421666072,0.6923077473273644
693,693,0.0010745101552367066,1.0,0.9795313156568087,0.6923077473273644
694,694,0.0010730328123407583,1.0,0.9794832926530105,0.6923077473273644
695,695,0.0010715500695648817,1.0,0.9794372595273532,0.6923077473273644
696,696,0.001070087152094437,1.0,0.9793955454459558,0.6923077473273644
697,697,0.0010686082969186828,1.0,0.9793385679905231,0.6923077473273644
698,698,0.0010671588063884813,1.0,0.9792974316156827,0.6923077473273644
699,699,0.001065710867316319,1.0,0.9792490601539612,0.6923077473273644
700,700,0.0010642554295303014,1.0,0.9791993590501639,0.6923077473273644
701,701,0.0010628157066933524,1.0,0.9791556138258714,0.6923077473273644
702,702,0.0010613687549126693,1.0,0.9791056238687955,0.6923077473273644
703,703,0.0010599379546385114,1.0,0.9790528324934152,0.6923077473273644
704,704,0.0010585171515301156,1.0,0.9790088901152978,0.6923077473273644
705,705,0.0010570669434785557,1.0,0.9789619812598596,0.6923077473273644
706,706,0.0010556421117283977,1.0,0.9789222891514118,0.6923077473273644
707,707,0.0010542355806907066,1.0,0.9788692410175617,0.6923077473273644
708,708,0.0010528256008491064,1.0,0.9788243449651278,0.6923077473273644
709,709,0.0010514151128098513,1.0,0.9787801504135132,0.6923077473273644
710,710,0.0010500153517708755,1.0,0.9787312195851252,0.6923077473273644
711,711,0.001048600203760613,1.0,0.978689445899083,0.6923077473273644
712,712,0.0010472048732201355,1.0,0.9786440088198736,0.6923077473273644
713,713,0.0010458087121011117,1.0,0.9785936841597924,0.6923077473273644
714,714,0.0010444246794437417,1.0,0.9785510118191059,0.6923077473273644
715,715,0.0010430321742135745,1.0,0.9784993804418124,0.6923077473273644
716,716,0.0010416664456268055,1.0,0.9784536499243516,0.6923077473273644
717,717,0.0010402839487561812,1.0,0.9784066447844872,0.6948718474461482
718,718,0.001038905705522316,1.0,0.9783643988462595,0.6948718474461482
719,719,0.0010375443301969566,1.0,0.9783201401050274,0.6948718474461482
720,720,0.0010361409636411385,1.0,0.9782681556848379,0.6948718474461482
721,721,0.0010348013523840704,1.0,0.9782260977304899,0.6948718474461482
722,722,0.0010334324984936616,1.0,0.9781815547209519,0.6948718474461482
723,723,0.0010320698918523984,1.0,0.9781288871398339,0.6948718474461482
724,724,0.001030726678436622,1.0,0.9780834592305697,0.6948718474461482
725,725,0.0010293735327790133,1.0,0.9780354774915255,0.6948718474461482
726,726,0.0010280276362139445,1.0,0.9779835389210627,0.6948718474461482
727,727,0.0010267028802235683,1.0,0.9779379872175363,0.6948718474461482
728,728,0.0010253411892335862,1.0,0.9778956404099097,0.6948718474461482
729,729,0.0010240260475816636,1.0,0.977847851239718,0.6948718474461482
730,730,0.0010227009882398236,1.0,0.9778015613555908,0.6948718474461482
731,731,0.0010213795142660204,1.0,0.9777560463318458,0.6948718474461482
732,732,0.0010200391037729927,1.0,0.9777123515422528,0.6948718474461482
733,733,0.0010187234964597826,1.0,0.9776668273485624,0.6948718474461482
734,734,0.001017403840356005,1.0,0.9776205099545993,0.6948718474461482
735,735,0.001016091894528542,1.0,0.9775582414406997,0.6948718474461482
736,736,0.0010147885052272333,1.0,0.9775216075090262,0.6948718474461482
737,737,0.001013488841216223,1.0,0.9774711040350107,0.6948718474461482
738,738,0.0010121658952602257,1.0,0.977428871851701,0.6948718474461482
739,739,0.0010108767019119114,1.0,0.9773807112987225,0.6948718474461482
740,740,0.001009585351522009,1.0,0.9773314228424659,0.6948718474461482
741,741,0.0010083016296938206,1.0,0.9772897133460412,0.6948718474461482
742,742,0.0010070131863288295,1.0,0.9772495627403259,0.6948718474461482
743,743,0.001005713508885282,1.0,0.9772000175255996,0.6948718474461482
744,744,0.0010044575767376674,1.0,0.9771550893783569,0.6948718474461482
745,745,0.0010031665408930096,1.0,0.9771177264360281,0.6948718474461482
746,746,0.00100190097761627,1.0,0.9770653614631066,0.6948718474461482
747,747,0.0010006370945260501,1.0,0.9770202545019296,0.6948718474461482
748,748,0.0009993690954825769,1.0,0.9769778618445764,0.6948718474461482
749,749,0.0009981078686765754,1.0,0.9769311272180997,0.6948718474461482
750,750,0.0009968528421058392,1.0,0.9768864420744089,0.6948718474461482
751,751,0.00099558482291356,1.0,0.9768489507528452,0.6948718474461482
752,752,0.0009943425382236736,1.0,0.9768010056935824,0.6948718474461482
753,753,0.000993101014710891,1.0,0.976764623935406,0.6948718474461482
754,754,0.0009918378827233727,1.0,0.9767262568840613,0.6948718474461482
755,755,0.000990611317460067,1.0,0.9766834011444678,0.6948718474461482
756,756,0.0009893661223871347,1.0,0.9766395275409405,0.6948718474461482
757,757,0.0009881258055639381,1.0,0.9765971027887784,0.6948718474461482
758,758,0.0009869074800427859,1.0,0.976564531142895,0.6948718474461482
759,759,0.0009856764014470032,1.0,0.9765185346970191,0.6948718474461482
760,760,0.000984454556601122,1.0,0.9764782786369324,0.6948718474461482
761,761,0.0009832371355374702,1.0,0.9764314339711115,0.6948718474461482
762,762,0.0009820023294126329,1.0,0.9764008980530959,0.6948718474461482
763,763,0.0009807893298924542,1.0,0.9763532418471116,0.6948718474461482
764,764,0.000979585873070531,1.0,0.9763167913143451,0.6948718474461482
765,765,0.0009783656949786325,1.0,0.976275962132674,0.6948718474461482
766,766,0.0009771728409060205,1.0,0.9762308322466337,0.6948718474461482
767,767,0.000975957389947815,1.0,0.9761946247174189,0.6948718474461482
768,768,0.000974773397991577,1.0,0.9761528831261855,0.6948718474461482
769,769,0.0009735775551794526,1.0,0.9761072122133695,0.6948718474461482
770,770,0.0009723799829281723,1.0,0.9760723114013672,0.6948718474461482
771,771,0.0009712081149560758,1.0,0.9760323350246136,0.6948718474461482
772,772,0.0009700310609052674,1.0,0.9759888328038729,0.6948718474461482
773,773,0.0009688343740820598,1.0,0.9759533909650949,0.6948718474461482
774,774,0.0009676548697126026,1.0,0.975914478302002,0.6948718474461482
775,775,0.0009664684990779138,1.0,0.9758734703063965,0.6948718474461482
776,776,0.0009653101364025273,1.0,0.975834818986746,0.6948718474461482
777,777,0.000964145960796696,1.0,0.9757880935302148,0.6948718474461482
778,778,0.0009629715809401554,1.0,0.9757592678070068,0.6948718474461482
779,779,0.0009618158745489871,1.0,0.9757171043982873,0.6948718474461482
780,780,0.0009606578879846403,1.0,0.9756757066800044,0.697435947564932
781,781,0.000959498532420884,1.0,0.9756505168401278,0.697435947564932
782,782,0.0009583567992264691,1.0,0.9756042636357821,0.697435947564932
783,783,0.000957217964101941,1.0,0.9755650070997385,0.697435947564932
784,784,0.0009560738623034782,1.0,0.9755266492183392,0.697435947564932
785,785,0.0009549378491311262,1.0,0.9754926287210904,0.697435947564932
786,786,0.0009538062698154065,1.0,0.9754551649093628,0.697435947564932
787,787,0.000952664066482192,1.0,0.9754118965222285,0.697435947564932
788,788,0.0009515420175515688,1.0,0.9753767435367291,0.697435947564932
789,789,0.0009504119549931672,1.0,0.9753415309465848,0.697435947564932
790,790,0.0009492829021138067,1.0,0.9753075058643634,0.697435947564932
791,791,0.0009481566398440358,1.0,0.9752658788974469,0.697435947564932
792,792,0.0009470487969408098,1.0,0.9752360719900864,0.697435947564932
793,793,0.000945925212223441,1.0,0.9751960039138794,0.697435947564932
794,794,0.0009448185782485569,1.0,0.975159649665539,0.697435947564932
795,795,0.0009437140699726745,1.0,0.975123941898346,0.697435947564932
796,796,0.0009426054446241603,1.0,0.975088697213393,0.697435947564932
797,797,0.0009414964431646065,1.0,0.9750485878724319,0.697435947564932
798,798,0.0009404031689672803,1.0,0.9750098402683551,0.697435947564932
799,799,0.0009393055303147635,1.0,0.9749743067301236,0.697435947564932
800,800,0.000938212940057453,1.0,0.9749341744642991,0.697435947564932
801,801,0.000937124454559615,1.0,0.9749076962471008,0.697435947564932
802,802,0.0009360317803489474,1.0,0.9748656016129714,0.697435947564932
803,803,0.0009349590187552026,1.0,0.9748313381121709,0.697435947564932
804,804,0.0009338735992339655,1.0,0.9747891105138339,0.697435947564932
805,805,0.0009327811488989168,1.0,0.9747539987930884,0.697435947564932
806,806,0.0009316990841538287,1.0,0.9747201754496648,0.697435947564932
807,807,0.0009306329638303185,1.0,0.9746816204144404,0.697435947564932
808,808,0.0009295560034493414,1.0,0.9746475586524377,0.697435947564932
809,809,0.0009284885857666198,1.0,0.9746034741401672,0.697435947564932
810,810,0.0009274216225514045,1.0,0.974567894752209,0.697435947564932
811,811,0.000926361681194976,1.0,0.9745357036590576,0.697435947564932
812,812,0.0009252944101507848,1.0,0.9744949845167307,0.697435947564932
813,813,0.00092423577063108,1.0,0.9744570301129267,0.697435947564932
814,814,0.0009231813970612935,1.0,0.9744203182367178,0.697435947564932
815,815,0.00092212679849651,1.0,0.9743803189351008,0.697435947564932
816,816,0.0009210803613174134,1.0,0.9743467202553382,0.697435947564932
817,817,0.00092004407913639,1.0,0.9743057122597327,0.697435947564932
818,818,0.0009189925946814653,1.0,0.9742726637766912,0.697435947564932
819,819,0.0009179451713302674,1.0,0.9742351678701547,0.697435947564932
820,820,0.0009169028579400709,1.0,0.97419968018165,0.697435947564932
821,821,0.0009158706816378981,1.0,0.9741581632540777,0.697435947564932
822,822,0.0009148157629309795,1.0,0.9741251606207627,0.697435947564932
823,823,0.0009137957430749128,1.0,0.9740875455049368,0.697435947564932
824,824,0.0009127705863927706,1.0,0.9740425164882953,0.697435947564932
825,825,0.0009117364500595543,1.0,0.9740108939317557,0.697435947564932
826,826,0.0009107001488491034,1.0,0.9739761352539062,0.697435947564932
827,827,0.0009096830807930718,1.0,0.9739430225812472,0.697435947564932
828,828,0.000908660452786045,1.0,0.9738969298509451,0.697435947564932
829,829,0.0009076288831867994,1.0,0.9738611028744624,0.697435947564932
830,830,0.0009066240443364502,1.0,0.9738275454594538,0.697435947564932
831,831,0.0009056030909190527,1.0,0.9737874911381648,0.697435947564932
832,832,0.000904588993692484,1.0,0.9737504216340872,0.697435947564932
833,833,0.000903582545176435,1.0,0.973718904531919,0.697435947564932
834,834,0.0009025730318031632,1.0,0.9736751317977905,0.697435947564932
835,835,0.0009015696246373969,1.0,0.9736436559603765,0.697435947564932
836,836,0.000900557527739483,1.0,0.9736082324614892,0.697435947564932
837,837,0.000899565721808288,1.0,0.9735705760809091,0.697435947564932
838,838,0.0008985681174985635,1.0,0.9735330801743728,0.697435947564932
839,839,0.0008975702825969515,1.0,0.9735005818880521,0.697435947564932
840,840,0.0008965857324745649,1.0,0.9734670794927157,0.697435947564932
841,841,0.0008955915489842972,1.0,0.973431293780987,0.697435947564932
842,842,0.0008946031112617885,1.0,0.9733922802484952,0.697435947564932
843,843,0.0008936135205798424,1.0,0.9733599195113549,0.697435947564932
844,844,0.00089262980215538,1.0,0.9733220705619225,0.697435947564932
845,845,0.0008916471482594856,1.0,0.9732802235163175,0.697435947564932
846,846,0.0008906644966023472,1.0,0.9732467990655166,0.697435947564932
847,847,0.0008897070387879816,1.0,0.9732055893311133,0.697435947564932
848,848,0.0008887342309418062,1.0,0.9731810734822199,0.697435947564932
849,849,0.0008877624865048206,1.0,0.9731458654770484,0.697435947564932
850,850,0.0008867953337567786,1.0,0.9730961460333604,0.697435947564932
851,851,0.000885837034170086,1.0,0.9730731615653405,0.697435947564932
852,852,0.0008848611648248222,1.0,0.9730300490672772,0.697435947564932
853,853,0.0008839072901397371,1.0,0.9729894353793218,0.697435947564932
854,854,0.0008829466107552155,1.0,0.97295448413262,0.697435947564932
855,855,0.0008820001351593349,1.0,0.9729166122583243,0.697435947564932
856,856,0.0008810383162479132,1.0,0.972879423544957,0.697435947564932
857,857,0.0008800945909640107,1.0,0.9728419551482568,0.697435947564932
858,858,0.0008791373480702392,1.0,0.9728099153592036,0.697435947564932
859,859,0.0008782015479832458,1.0,0.9727705212739798,0.697435947564932
860,860,0.0008772480460510661,1.0,0.9727304715376633,0.697435947564932
861,861,0.0008762961459489396,1.0,0.9726872994349554,0.697435947564932
862,862,0.000875371112040459,1.0,0.9726641544928918,0.697435947564932
863,863,0.0008744253942635483,1.0,0.9726249529765203,0.697435947564932
864,864,0.0008734924306806463,1.0,0.9725901255240808,0.697435947564932
865,865,0.0008725569261094698,1.0,0.9725508047984197,0.697435947564932
866,866,0.000871620753269571,1.0,0.972519379395705,0.697435947564932
867,867,0.0008706936541085059,1.0,0.9724803016735957,0.697435947564932
868,868,0.0008697679989451829,1.0,0.9724392890930176,0.697435947564932
869,869,0.0008688419699095762,1.0,0.9724010091561538,0.697435947564932
870,870,0.0008679171587573364,1.0,0.9723684512651883,0.697435947564932
871,871,0.0008670048756847301,1.0,0.9723323537753179,0.697435947564932
872,872,0.0008660923508264554,1.0,0.9723015748537503,0.697435947564932
873,873,0.000865163493122404,1.0,0.9722572289980375,0.697435947564932
874,874,0.0008642565472445523,1.0,0.9722219017835764,0.697435947564932
875,875,0.0008633365371049597,1.0,0.9721897427852337,0.697435947564932
876,876,0.0008624295777945707,1.0,0.9721578451303335,0.697435947564932
877,877,0.0008615217968606605,1.0,0.972119927406311,0.697435947564932
878,878,0.0008606201109404748,1.0,0.9720867918087885,0.697435947564932
879,879,0.0008597076532448857,1.0,0.9720480671295753,0.697435947564932
880,880,0.0008588044416123572,1.0,0.972014688528501,0.697435947564932
881,881,0.0008579138979817239,1.0,0.9719821764872625,0.697435947564932
882,882,0.0008570106796329268,1.0,0.971945203267611,0.697435947564932
883,883,0.0008561017367845544,1.0,0.9719089361337515,0.697435947564932
884,884,0.0008552076089052627,1.0,0.9718764057526221,0.697435947564932
885,885,0.0008543259889567987,1.0,0.9718426328438979,0.697435947564932
886,886,0.0008534227706080016,1.0,0.9718151688575745,0.697435947564932
887,887,0.0008525449744551084,1.0,0.9717770081300002,0.697435947564932
888,888,0.0008516511409722555,1.0,0.9717456239920396,0.697435947564932
889,889,0.0008507674658456101,1.0,0.9717107644447913,0.697435947564932
890,890,0.0008498824138839084,1.0,0.9716815398289607,0.697435947564932
891,891,0.0008490019267460761,1.0,0.9716436587847196,0.697435947564932
892,892,0.0008481259618957455,1.0,0.9716100280101483,0.697435947564932
893,893,0.0008472599897336644,1.0,0.971575535260714,0.697435947564932
894,894,0.0008463774552532973,1.0,0.9715431011640109,0.697435947564932
895,895,0.0008455059847060161,1.0,0.9715071824880747,0.697435947564932
896,896,0.0008446355898810837,1.0,0.9714684990736154,0.697435947564932
897,897,0.0008437599955449024,1.0,0.971435744028825,0.697435947564932
898,898,0.0008428992878179997,1.0,0.9714036813149085,0.697435947564932
899,899,0.000842031400399999,1.0,0.9713674875406119,0.697435947564932
900,900,0.0008411657271118691,1.0,0.9713369057728694,0.697435947564932
901,901,0.0008403115856568688,1.0,0.9713056500141437,0.697435947564932
902,902,0.0008394601900363341,1.0,0.9712592867704538,0.697435947564932
903,903,0.0008385900873690844,1.0,0.9712341886300307,0.697435947564932
904,904,0.0008377525832307023,1.0,0.9711930109904363,0.697435947564932
905,905,0.0008368989712415406,1.0,0.9711616864571204,0.697435947564932
906,906,0.0008360565776596419,1.0,0.971130948800307,0.697435947564932
907,907,0.0008352087651683877,1.0,0.9710942644339341,0.697435947564932
908,908,0.0008343625545071868,1.0,0.9710683685082656,0.697435947564932
909,909,0.000833530395399206,1.0,0.9710265764823327,0.697435947564932
910,910,0.0008326854832165947,1.0,0.9709923771711496,0.697435947564932
911,911,0.0008318401770128941,1.0,0.9709674578446609,0.697435947564932
912,912,0.0008310071772519642,1.0,0.9709314291293805,0.697435947564932
913,913,0.0008301672955545095,1.0,0.9708946851583627,0.697435947564932
914,914,0.0008293326928441485,1.0,0.9708613340671246,0.697435947564932
915,915,0.0008285067899403378,1.0,0.9708261719116797,0.697435947564932
916,916,0.0008276875137548464,1.0,0.970797075675084,0.697435947564932
917,917,0.0008268551889789075,1.0,0.9707618676699125,0.697435947564932
918,918,0.0008260247044605562,1.0,0.9707278059079096,0.697435947564932
919,919,0.0008252003149559292,1.0,0.9706989114101117,0.697435947564932
920,920,0.000824381893975302,1.0,0.9706698931180514,0.697435947564932
921,921,0.0008235588835444874,1.0,0.9706332316765418,0.697435947564932
922,922,0.0008227434983172526,1.0,0.9706093118740962,0.697435947564932
923,923,0.0008219259191089525,1.0,0.9705733060836792,0.697435947564932
924,924,0.0008211037291822812,1.0,0.9705395194200369,0.697435947564932
925,925,0.0008202983601502358,1.0,0.970504357264592,0.697435947564932
926,926,0.0008194795373128727,1.0,0.9704771592066839,0.697435947564932
927,927,0.0008186730947972347,1.0,0.9704501491326553,0.697435947564932
928,928,0.0008178707693542282,1.0,0.9704125615266653,0.697435947564932
929,929,0.0008170624910585153,1.0,0.9703843960395226,0.697435947564932
930,930,0.0008162636647914321,1.0,0.970349174279433,0.697435947564932
931,931,0.0008154593558104422,1.0,0.9703207015991211,0.697435947564932
932,932,0.0008146630526215841,1.0,0.9702912018849299,0.697435947564932
933,933,0.0008138656166220943,1.0,0.97025649364178,0.697435947564932
934,934,0.0008130630594678223,1.0,0.9702284565338721,0.697435947564932
935,935,0.0008122732363587532,1.0,0.9701970907358023,0.697435947564932
936,936,0.0008114782316484847,1.0,0.9701604247093201,0.697435947564932
937,937,0.0008106923968835662,1.0,0.9701410073500413,0.697435947564932
938,938,0.000809897550005609,1.0,0.9701087979169992,0.697435947564932
939,939,0.000809112005159617,1.0,0.9700707013790424,0.697435947564932
940,940,0.0008083272315651322,1.0,0.9700409953410809,0.697435947564932
941,941,0.0008075404654776391,1.0,0.9700102118345407,0.697435947564932
942,942,0.000806756766486125,1.0,0.9699841462648832,0.697435947564932
943,943,0.0008059867966669396,1.0,0.9699544448118943,0.697435947564932
944,944,0.0008051994227571413,1.0,0.9699266140277569,0.697435947564932
945,945,0.0008044154092203826,1.0,0.9698911309242249,0.697435947564932
946,946,0.0008036362795302501,1.0,0.9698558495594904,0.697435947564932
947,947,0.0008028708902062275,1.0,0.9698371566258944,0.697435947564932
948,948,0.0008020923616221318,1.0,0.9698093075018662,0.697435947564932
949,949,0.0008013212533954245,1.0,0.9697745396540716,0.697435947564932
950,950,0.0008005551028942976,1.0,0.9697454342475305,0.697435947564932
951,951,0.0007997897034958721,1.0,0.9697092817379878,0.697435947564932
952,952,0.0007990247787137588,1.0,0.9696827576710627,0.697435947564932
953,953,0.0007982514418052653,1.0,0.9696550460962149,0.697435947564932
954,954,0.0007974956668196962,1.0,0.969621832554157,0.697435947564932
955,955,0.0007967392067747334,1.0,0.9695920118918786,0.697435947564932
956,956,0.0007959735107411129,1.0,0.9695620307555566,0.697435947564932
957,957,0.0007952174973280097,1.0,0.9695313251935519,0.697435947564932
958,958,0.0007944599761126133,1.0,0.9695060161443857,0.697435947564932
959,959,0.0007937109867970531,1.0,0.9694665899643531,0.697435947564932
960,960,0.000792953078276836,1.0,0.969441675222837,0.697435947564932
961,961,0.0007922037867291903,1.0,0.9694133355067327,0.697435947564932
962,962,0.0007914551141976307,1.0,0.9693837624329787,0.697435947564932
963,963,0.0007907091863811589,1.0,0.9693551705433772,0.697435947564932
964,964,0.0007899492036533327,1.0,0.9693212875953088,0.697435947564932
965,965,0.0007892142692491269,1.0,0.969301008261167,0.697435947564932
966,966,0.0007884662000623604,1.0,0.9692678038890545,0.697435947564932
967,967,0.0007877301160568515,1.0,0.9692417291494516,0.697435947564932
968,968,0.000786984796062685,1.0,0.9692176993076618,0.697435947564932
969,969,0.0007862444326747209,1.0,0.9691921472549438,0.697435947564932
970,970,0.0007855162134197039,1.0,0.9691623632724469,0.697435947564932
971,971,0.0007847784447501629,1.0,0.9691318090145404,0.697435947564932
972,972,0.0007840390014909924,1.0,0.9691059222588172,0.697435947564932
973,973,0.0007833097143492734,1.0,0.9690665098337027,0.697435947564932
974,974,0.0007825782757628566,1.0,0.9690425854462844,0.697435947564932
975,975,0.0007818514243878711,1.0,0.9690168729195228,0.697435947564932
976,976,0.0007811225939524145,1.0,0.9689877170782822,0.697435947564932
977,977,0.0007804000936000823,1.0,0.9689612021813025,0.697435947564932
978,978,0.0007796774421317073,1.0,0.9689351824613718,0.697435947564932
979,979,0.0007789441767202404,1.0,0.9689044998242304,0.697435947564932
980,980,0.0007782255695649207,1.0,0.9688776364693275,0.697435947564932
981,981,0.0007775043609749096,1.0,0.9688472701953008,0.697435947564932
982,982,0.000776789734328094,1.0,0.968817454117995,0.697435947564932
983,983,0.0007760693596747632,1.0,0.9687937819040738,0.697435947564932
984,984,0.0007753457119598842,1.0,0.9687655247174777,0.697435947564932
985,985,0.0007746407746498545,1.0,0.9687320131521958,0.697435947564932
986,986,0.000773926209568834,1.0,0.9687108122385465,0.697435947564932
987,987,0.0007732065311686781,1.0,0.9686773556929368,0.697435947564932
988,988,0.0007724969976921924,1.0,0.9686528948637155,0.697435947564932
989,989,0.0007717843557027384,1.0,0.9686219050334051,0.697435947564932
990,990,0.0007710834492732269,1.0,0.9685993102880625,0.697435947564932
991,991,0.0007703756709815934,1.0,0.9685735473266015,0.697435947564932
992,992,0.0007696734033883191,1.0,0.9685419110151438,0.697435947564932
993,993,0.0007689692171809908,1.0,0.9685180324774522,0.697435947564932
994,994,0.0007682709088280367,1.0,0.9684892205091623,0.697435947564932
995,995,0.0007675748157243316,1.0,0.9684652273471539,0.697435947564932
996,996,0.0007668655934349562,1.0,0.9684399045430697,0.697435947564932
997,997,0.0007661848470049265,1.0,0.9684108404012827,0.697435947564932
998,998,0.0007654800462590244,1.0,0.9683838440821722,0.697435947564932
999,999,0.0007647837203246757,1.0,0.968352368244758,0.697435947564932
